0 0.05 0.05 0.005 0.0 0.0 0
1 0.08169244 0.088547386 0.001 0.99309033 0.11735225 0
2 0.029628245 0.063605525 0.001 0.039907355 0.9992034 0
3 0.068410024 0.08505892 0.001 0.054091353 0.998536 0
4 0.08720927 0.09239421 0.001 -0.38848656 -0.92145437 0
5 0.043987088 0.052080207 0.001 -0.46874633 0.88333285 0
6 0.06650867 0.05609206 0.001 0.26215908 0.96502465 0
7 0.027037794 0.0685985 0.001 0.44583583 -0.8951148 0
8 0.03968478 0.088965006 0.001 -0.8741706 0.48561892 0
9 0.049520593 0.066700205 0.001 -0.11546439 -0.99331164 0
10 0.08375487 0.0076703224 0.001 -0.8184116 -0.5746324 0
11 0.039236635 0.019349398 0.001 0.061001506 0.99813765 0
12 0.08322372 0.029712213 0.001 -0.81273353 -0.5826356 0
13 0.00862264 0.03789539 0.001 -0.99989194 0.014702756 0
14 0.084829696 0.042671397 0.001 0.2199617 -0.9755085 0
15 0.05720523 0.01951074 0.001 0.41153792 -0.9113926 0
16 0.0041967616 0.012581959 0.001 0.9366718 -0.35020843 0
17 0.0812571 0.07242901 0.001 0.98486876 -0.17330196 0
18 0.08398504 0.034878567 0.001 -0.9641139 -0.26548898 0
19 0.01344896 0.009734131 0.001 0.21639127 0.97630674 0
20 0.0356289 0.017036151 0.001 -0.67856884 -0.7345368 0
21 0.060469296 0.013788705 0.001 0.0012512277 0.9999992 0
22 0.020032745 0.049865346 0.001 -0.34898013 -0.93713015 0
23 0.0962854 0.049989194 0.001 -0.4910526 -0.87112993 0
24 0.0073320027 0.006865421 0.001 0.9840993 -0.17761905 0
25 0.0104376525 0.010689218 0.001 0.8402631 -0.54217887 0
26 0.05294932 0.075477645 0.001 0.24027133 0.97070575 0
27 0.056420144 0.08540396 0.001 -0.9378535 0.34703144 0
28 0.05442403 0.007049911 0.001 -0.2264227 -0.9740291 0
29 0.09137859 0.01524021 0.001 0.4759036 -0.87949747 0
30 0.0071802004 0.08277922 0.001 0.5947583 0.8039046 0
31 0.07307858 0.021642495 0.001 0.60788256 0.7940269 0
32 0.05371358 0.07771432 0.001 -0.40871695 -0.9126612 0
33 0.09691435 0.05889362 0.001 0.9244836 -0.38122186 0
34 0.057741906 0.0407814 0.001 -0.84531057 -0.53427523 0
35 0.045516714 0.03991344 0.001 0.9288985 -0.37033436 0
36 0.09763807 0.07910431 0.001 0.9994847 -0.032098424 0
37 0.07207799 0.032492496 0.001 0.9988714 0.04749723 0
38 0.038607787 0.056073237 0.001 0.45094123 0.8925536 0
39 0.035662808 0.08776754 0.001 0.70747006 0.7067433 0
40 0.09622837 0.0695391 0.001 -0.84236526 -0.538907 0
41 0.004891754 0.030422708 0.001 -0.9530611 0.3027781 0
42 0.023949575 0.06528755 0.001 -0.9718375 -0.23565188 0
43 0.08294806 0.06391611 0.001 0.077333316 0.9970053 0
44 0.085921966 0.037451103 0.001 0.86845267 -0.4957721 0
45 0.028824605 0.09355626 0.001 -0.41530433 0.9096825 0
46 0.04268938 0.020013023 0.001 0.1039123 0.99458647 0
47 0.09119021 0.04606863 0.001 -0.2866451 -0.95803684 0
48 0.09257264 0.06654186 0.001 0.05265006 0.998613 0
49 0.09406115 0.0032630893 0.001 0.87677616 0.48089877 0
50 0.047216292 0.092848994 0.001 -0.98002076 -0.19889532 0
51 0.07514574 0.0049989005 0.001 0.42883882 0.90338105 0
52 0.05866066 0.033867903 0.001 -0.23986143 -0.97080714 0
53 0.08226876 0.047993466 0.001 -0.31091675 -0.9504371 0
54 0.010352557 0.047073472 0.001 0.94205666 0.33545387 0
55 0.07595978 0.058550537 0.001 0.34362176 0.93910813 0
56 0.02929531 0.07539353 0.001 -0.8195119 0.5730622 0
57 0.006017516 0.08887536 0.001 0.32691088 -0.9450552 0
58 0.06812498 0.063350685 0.001 0.57471335 0.8183548 0
59 0.0051042475 0.09752432 0.001 -0.8821206 -0.47102365 0
60 0.056259863 0.06474889 0.001 -0.8695911 -0.49377254 0
61 0.03199799 0.025354771 0.001 -0.9961454 -0.087717175 0
62 0.068609156 0.07325393 0.001 0.37472212 0.9271372 0
63 0.050855476 0.059883982 0.001 0.99085075 -0.13496219 0
64 0.09106855 0.02512411 0.001 -0.6723595 0.7402247 0
65 0.019218268 0.008398867 0.001 0.06832985 -0.9976628 0
66 0.012163597 0.03355587 0.001 0.3477509 0.93758696 0
67 0.08824699 0.05460179 0.001 -0.91578835 0.40166122 0
68 0.0951117 0.03638852 0.001 -0.28996268 0.9570379 0
69 0.055189382 0.04229341 0.001 -0.09404314 0.9955681 0
70 0.020530622 0.003960208 0.001 -0.98147064 0.1916125 0
71 0.0076360404 0.009598264 0.001 -0.7892319 -0.6140953 0
72 0.036189444 0.033053152 0.001 0.30562717 0.9521513 0
73 0.0074979938 0.08688925 0.001 0.64671034 0.7627357 0
74 0.08325057 0.024046563 0.001 -0.22305682 0.9748054 0
75 0.049057674 0.012460537 0.001 -0.11909791 -0.9928825 0
76 0.09171371 0.062224254 0.001 0.9947273 0.10255521 0
77 0.0052286717 0.091824315 0.001 0.78957194 -0.613658 0
78 0.06130803 0.047431063 0.001 0.09337218 -0.9956313 0
79 0.007297627 0.025443066 0.001 0.60005575 -0.79995817 0
80 0.07857028 0.036034804 0.001 -0.981774 0.1900524 0
81 0.038416404 0.086465664 0.001 -0.5054414 -0.8628609 0
82 0.09606715 0.0051078866 0.001 0.49785405 -0.8672608 0
83 0.055169653 0.036907457 0.001 -0.9000808 -0.43572304 0
84 0.0883887 0.0689294 0.001 -0.8978508 -0.44029984 0
85 0.013727302 0.07529285 0.001 -0.9754442 -0.22024667 0
86 0.024290208 0.010298817 0.001 0.78947985 0.61377645 0
87 0.023884503 0.08572613 0.001 0.7347713 -0.6783149 0
88 0.008909124 0.04433597 0.001 -0.69658583 0.7174735 0
89 0.008358568 0.073606394 0.001 0.24790028 -0.9687856 0
90 0.00786962 0.06473259 0.001 0.9750768 -0.22186762 0
91 0.08910706 0.027861143 0.001 0.9706347 0.24055816 0
92 0.0746373 0.0070748944 0.001 0.83744836 -0.5465164 0
93 0.011962489 0.029051468 0.001 -0.67866045 -0.7344522 0
94 0.05888364 0.05472472 0.001 -0.9979942 -0.06330592 0
95 0.07021654 0.0028603931 0.001 0.45994756 0.88794607 0
96 0.09039798 0.0724467 0.001 0.9239406 0.38253596 0
97 0.030697906 0.08326454 0.001 -0.34830326 -0.9373819 0
98 0.014894022 0.090772934 0.001 -0.530496 -0.8476874 0
99 0.029370453 0.08966942 0.001 0.9976088 -0.06911371 0
100 0.078471586 0.06304734 0.001 0.8468457 0.5318387 0
101 0.07981499 0.058629785 0.001 -0.8927026 0.45064637 0
102 0.051413275 0.028023459 0.001 -0.60376185 0.79716474 0
103 0.086263105 0.09750412 0.001 0.19075784 0.9816371 0
104 0.03548584 0.074476086 0.001 0.98184186 -0.1897012 0
105 0.092396475 0.0010032653 0.001 -0.9418241 -0.3361063 0
106 0.024168124 0.04446401 0.001 -0.3562976 0.93437254 0
107 0.020981282 0.073861405 0.001 -0.998561 -0.053627014 0
108 0.01885781 0.0844203 0.001 0.41604993 -0.90934175 0
109 0.0071416833 0.01361075 0.001 0.9498033 -0.31284773 0
110 0.02224141 0.047213938 0.001 0.95581853 -0.2939574 0
111 0.03704628 0.041828312 0.001 0.16549547 -0.9862105 0
112 0.07215688 0.06841053 0.001 -0.9450302 0.32698306 0
113 0.026724748 0.02435237 0.001 -0.3396698 -0.9405447 0
114 0.08108181 0.05328146 0.001 0.16700122 0.98595667 0
115 0.013547175 0.059915744 0.001 -0.46117708 0.8873081 0
116 0.0030493462 0.072475225 0.001 -0.18249457 -0.98320687 0
117 0.080301315 0.027603513 0.001 0.5655064 0.8247439 0
118 0.028036159 0.09124512 0.001 0.76239765 -0.6471088 0
119 0.0340923 0.04669448 0.001 0.99868715 -0.051224735 0
120 0.0020607077 0.035638493 0.001 -0.81416297 0.58063644 0
121 0.09673264 0.01134602 0.001 -0.9985216 0.054355536 0
122 0.06851548 0.05266546 0.001 -0.418726 0.90811265 0
123 0.0010372205 0.08663601 0.001 -0.7235888 -0.69023126 0
124 0.088780545 0.036666762 0.001 -0.9822105 -0.18778324 0
125 0.0071099126 0.042273838 0.001 -0.86072737 -0.5090662 0
126 0.008074058 0.057111442 0.001 -0.8261477 0.5634537 0
127 0.053778395 0.009773688 0.001 -0.9897024 0.14314048 0
128 0.06490986 0.059746265 0.001 -0.98609966 0.16615508 0
129 0.004287786 0.022385264 0.001 0.40676025 0.91353494 0
130 0.02936634 0.09799101 0.001 -0.88006663 -0.47485027 0
131 0.07904434 0.05666551 0.001 -0.99942756 -0.03383085 0
132 0.026015323 0.064746566 0.001 0.43607616 0.89990973 0
133 0.07803627 0.045054276 0.001 0.9131945 0.40752405 0
134 0.055281397 0.089542486 0.001 -0.5386875 -0.84250563 0
135 0.09031807 0.07961649 0.001 -0.6819313 0.7314162 0
136 0.084851846 0.011254213 0.001 0.8871138 -0.4615507 0
137 0.09415717 0.05559112 0.001 0.63415504 0.77320594 0
138 0.056972276 0.07072712 0.001 0.5181008 -0.85531956 0
139 0.046151243 0.07950826 0.001 -0.449879 -0.89308953 0
140 0.05737539 0.079902045 0.001 0.4734782 0.88080555 0
141 0.029139724 0.003264871 0.001 -0.825689 0.56412554 0
142 0.046946652 0.018240921 0.001 -0.9932907 0.11564407 0
143 0.03911762 0.0021250318 0.001 -0.9259266 -0.37770346 0
144 0.04531619 0.058373604 0.001 -0.9993777 0.0352734 0
145 0.04731408 0.022930363 0.001 -0.6275907 -0.7785435 0
146 0.09752049 0.044348862 0.001 -0.97042924 -0.24138565 0
147 0.038068105 0.05113558 0.001 0.5575752 0.8301264 0
148 0.039931994 0.03358467 0.001 -0.21123564 0.9774352 0
149 0.072842926 0.074928254 0.001 -0.9937822 -0.11134139 0
150 0.07752107 0.027595365 0.001 0.27806535 -0.96056217 0
151 0.02995821 0.010384737 0.001 -0.9897863 0.14255905 0
152 0.053167053 0.0884467 0.001 -0.6440737 0.76496345 0
153 0.0044894316 0.019407397 0.001 -0.8048931 -0.5934199 0
154 0.046971653 0.02946681 0.001 0.9566787 -0.29114577 0
155 0.017502563 0.010872271 0.001 -0.93675137 -0.34999555 0
156 0.051520884 0.08691292 0.001 0.43030924 0.9026815 0
157 0.08188864 0.06800854 0.001 -0.92282 -0.38523152 0
158 0.012463008 0.054887597 0.001 0.32086933 -0.94712347 0
159 0.012507467 0.051470842 0.001 -0.9925371 0.121942975 0
160 0.027435461 0.03871691 0.001 -0.8306795 -0.55675095 0
161 0.008794589 0.027481286 0.001 0.50990623 -0.86022997 0
162 0.08577924 0.08613133 0.001 -0.9417904 -0.33620062 0
163 0.011907406 0.0014301501 0.001 -0.818393 0.574659 0
164 0.092231855 0.077422336 0.001 0.71667045 -0.69741195 0
165 0.07821749 0.08306909 0.001 0.52751887 -0.84954333 0
166 0.05998297 0.010503285 0.001 0.75645226 -0.6540489 0
167 0.002267342 0.0912774 0.001 -0.16920154 -0.98558146 0
168 0.010498945 0.096591294 0.001 -0.5377087 -0.84313065 0
169 0.0031151888 0.097295985 0.001 -0.43144193 0.9021407 0
170 0.069957644 0.044665992 0.001 -0.50248903 -0.86458355 0
171 0.03968282 0.069135286 0.001 0.8818308 -0.4715659 0
172 0.012858351 0.057762895 0.001 -0.98931825 0.1457719 0
173 0.03500774 0.07809716 0.001 -0.85312575 -0.5217053 0
174 0.0731955 0.012787747 0.001 0.38399395 -0.9233356 0
175 0.06886227 0.033239942 0.001 0.25011492 -0.9682162 0
176 0.07433221 0.08337165 0.001 -0.6729394 -0.7396976 0
177 0.017711336 0.073596805 0.001 -0.7227994 -0.69105786 0
178 0.08398312 0.05723678 0.001 0.4181078 0.90839744 0
179 0.08649069 0.0016606343 0.001 -0.9477966 -0.31887567 0
180 0.034619156 0.026154099 0.001 0.4227902 0.9062276 0
181 0.09449772 0.042619523 0.001 0.638184 -0.7698839 0
182 0.08456228 0.027554149 0.001 -0.8935797 -0.44890448 0
183 0.04808734 0.08241813 0.001 0.97724885 -0.21209592 0
184 0.0919446 0.004042009 0.001 -0.99988645 0.015070356 0
185 0.087370336 0.032496344 0.001 0.97382414 -0.2273027 0
186 0.056986235 0.057417233 0.001 0.3440689 -0.9389444 0
187 0.010106745 0.030613624 0.001 -0.4027933 -0.91529095 0
188 0.08444755 0.09141731 0.001 -0.55058503 -0.8347791 0
189 0.013256858 0.06567336 0.001 0.84297925 0.5379461 0
190 0.08924412 0.057952177 0.001 -0.9981466 0.06085497 0
191 0.08953945 0.022765307 0.001 -0.84030676 0.5421112 0
192 0.058712743 0.08246362 0.001 0.9895972 -0.14386594 0
193 0.005720126 0.05829081 0.001 -0.9351308 0.35430273 0
194 0.010106909 0.07743765 0.001 0.86574405 0.50048697 0
195 0.07935378 0.08723957 0.001 0.6031296 -0.7976432 0
196 0.071898624 0.018540204 0.001 0.76605207 -0.6427785 0
197 0.022918476 0.039308075 0.001 0.7696366 -0.6384822 0
198 0.063528545 0.08252516 0.001 0.90552646 -0.42428985 0
199 0.04689392 0.03548836 0.001 -0.2369032 -0.97153324 0
200 0.010490078 0.05995072 0.001 -0.7787426 0.62734354 0
201 0.019488579 0.029985689 0.001 0.7374088 0.6754467 0
202 0.052686043 0.07152171 0.001 -0.18204351 0.9832905 0
203 0.0780132 0.021212012 0.001 -0.22354905 0.9746927 0
204 0.068383604 0.07712176 0.001 0.18702133 -0.98235583 0
205 0.06256003 0.017819995 0.001 -0.75526536 0.6554191 0
206 0.0025158585 0.078656495 0.001 -0.6525082 0.7577817 0
207 0.06329766 0.05241758 0.001 -0.6432391 0.76566535 0
208 0.09815979 0.017561853 0.001 0.3191865 -0.9476919 0
209 0.072399266 0.047563754 0.001 0.020291993 -0.9997941 0
210 0.08731234 0.026446823 0.001 -0.215901 -0.9764153 0
211 0.07305218 0.038174525 0.001 -0.12284791 -0.9924255 0
212 0.072690785 0.056976568 0.001 0.28602955 -0.9582208 0
213 0.04329446 0.056553002 0.001 0.9703789 0.24158818 0
214 0.047288623 0.07657324 0.001 -0.07703422 -0.99702847 0
215 0.057193063 0.096318856 0.001 -0.56809425 0.82296354 0
216 0.08762785 0.04226298 0.001 0.24136522 -0.97043437 0
217 0.06812436 0.08067019 0.001 0.17381664 -0.98477805 0
218 0.02381678 0.09026277 0.001 0.054317597 0.9985237 0
219 0.011477478 0.04333815 0.001 0.04374568 0.9990427 0
220 0.05130898 0.044032346 0.001 0.9393437 0.3429773 0
221 0.059098102 0.017934378 0.001 0.7797297 0.6261162 0
222 0.0534727 0.025147885 0.001 0.8622408 0.5064986 0
223 0.09415025 0.034585126 0.001 0.9999103 -0.0133942375 0
224 0.0046534427 0.047563527 0.001 0.29349545 -0.95596045 0
225 0.008547737 0.051495895 0.001 -0.9852672 0.17102204 0
226 0.030929716 0.0015135165 0.001 -0.39314997 0.91947436 0
227 0.06305106 0.039658327 0.001 -0.44604808 0.895009 0
228 0.05671077 0.007649843 0.001 0.97486997 0.22277457 0
229 0.02170207 0.070083484 0.001 0.60572284 -0.7956757 0
230 0.041265834 0.014417493 0.001 -0.41593537 0.9093942 0
231 0.044319946 0.017008832 0.001 0.86210096 -0.5067366 0
232 0.04635362 0.06991927 0.001 0.6495332 -0.76033324 0
233 0.093615554 0.03137353 0.001 0.090693526 -0.9958789 0
234 0.014810335 0.068634674 0.001 -0.73200923 0.6812947 0
235 0.09278284 0.03755387 0.001 -0.29835582 -0.9544547 0
236 0.036103655 0.0833086 0.001 -0.44105843 -0.8974784 0
237 0.0071416656 0.002661697 0.001 -0.7361628 -0.67680454 0
238 0.030286659 0.08699671 0.001 0.8534674 -0.5211462 0
239 0.05058253 0.089016154 0.001 0.7766483 -0.6299345 0
240 0.08095626 0.09778656 0.001 -0.7774781 -0.62891006 0
241 0.08952116 0.013005346 0.001 -0.8696073 0.49374396 0
242 0.0148924915 0.0322338 0.001 -0.7228222 -0.6910341 0
243 0.0028968835 0.007002591 0.001 0.033933472 -0.9994241 0
244 0.05257262 0.042223204 0.001 0.58512354 0.81094414 0
245 0.023726188 0.0337805 0.001 -0.09807041 -0.9951795 0
246 0.0011888654 0.09874042 0.001 0.39122334 -0.9202958 0
247 0.0662399 0.06566488 0.001 0.93843603 0.34545305 0
248 0.014491682 0.0058727227 0.001 -0.26319408 -0.9647429 0
249 0.0418775 0.030908495 0.001 0.84176373 0.5398461 0
250 0.039529596 0.026147101 0.001 0.7894707 -0.6137883 0
