0 0.05 0.05 0.005 0.0 0.0 0
1 0.09216126 0.06774992 0.001 -0.5338151 0.8456012 0
2 0.018691791 0.06994475 0.001 0.66659737 -0.74541795 0
3 0.06496069 0.072694875 0.001 -0.991996 -0.12626943 0
4 0.022499647 0.059143774 0.001 0.19175476 0.98144287 0
5 0.091132805 0.06455655 0.001 0.2371404 0.97147536 0
6 0.057618685 0.025040137 0.001 0.85384744 0.5205233 0
7 0.003683397 0.09306854 0.001 0.08189856 -0.9966407 0
8 0.010868047 0.06258675 0.001 0.47113946 -0.88205874 0
9 0.09874817 0.04259299 0.001 -0.7536451 0.6572816 0
10 0.0015775366 0.043829907 0.001 -0.8886221 -0.4586401 0
11 0.056248028 0.0960733 0.001 -0.99843585 -0.05590954 0
12 0.08217231 0.06039394 0.001 0.2868818 -0.95796597 0
13 0.0952813 0.021858627 0.001 0.9909707 0.13407888 0
14 0.06373886 0.040753826 0.001 0.61633664 0.7874828 0
15 0.029293792 0.09556075 0.001 0.37568367 -0.926748 0
16 0.045617446 0.040579908 0.001 -0.15033899 0.9886345 0
17 0.03358843 0.035569955 0.001 0.97894526 -0.204123 0
18 0.010702016 0.03970196 0.001 0.79022473 0.61281717 0
19 0.023599988 0.0989528 0.001 0.8189295 -0.5738942 0
20 0.08043096 0.06816431 0.001 -0.99901885 -0.044287484 0
21 0.009374824 0.017378746 0.001 -0.13276443 -0.99114764 0
22 0.08219105 0.018620912 0.001 0.92152435 0.38832057 0
23 0.006799111 0.037219796 0.001 0.53295213 0.8461454 0
24 0.07982013 0.08676746 0.001 -0.74553996 0.66646093 0
25 0.04657068 0.07082573 0.001 -0.76032895 0.6495382 0
26 0.030331695 0.04477832 0.001 -0.5002762 -0.8658659 0
27 0.008164603 0.061746426 0.001 0.6187514 -0.78558683 0
28 0.04276903 0.06559318 0.001 -0.7740883 0.6330776 0
29 0.06793678 0.006947152 0.001 -0.60334784 0.79747814 0
30 0.028816164 0.08096798 0.001 0.99323213 0.11614605 0
31 0.050148405 0.024687331 0.001 0.38287997 -0.9237981 0
32 0.075388424 0.06089007 0.001 0.78705025 -0.6168889 0
33 0.091544524 0.021661853 0.001 0.95994467 0.28018963 0
34 0.052954953 0.091559924 0.001 0.9867977 -0.16195771 0
35 0.096563496 0.036518835 0.001 -0.991335 0.13135795 0
36 0.071884885 0.05576467 0.001 0.36064923 -0.9327015 0
37 0.03499889 0.02929128 0.001 -0.7139419 -0.70020497 0
38 0.032719214 0.05583884 0.001 0.2553969 0.9668363 0
39 0.0523836 0.0382487 0.001 0.31396866 -0.9494333 0
40 0.06443875 0.08234122 0.001 0.68537855 0.72818696 0
41 0.016251488 0.05047735 0.001 -0.58509445 -0.8109652 0
42 0.05564517 0.013991128 0.001 -0.6239442 0.78146887 0
43 0.06366844 0.02093669 0.001 0.9439337 0.33013502 0
44 0.032609053 0.047482327 0.001 0.872888 -0.48792058 0
45 0.080361515 0.05038088 0.001 0.9810114 -0.19395012 0
46 0.064248756 0.048078723 0.001 -0.66597754 -0.7459718 0
47 0.009691438 0.09218138 0.001 -0.36753392 0.93001014 0
48 0.056898247 0.07983191 0.001 0.97448796 -0.2244399 0
49 0.09659792 0.049728185 0.001 -0.3421306 -0.9396524 0
50 0.05732439 0.002776355 0.001 -0.9999982 -0.0019030441 0
51 0.08023396 0.02701218 0.001 -0.92328167 0.38412368 0
52 0.034549788 0.061729744 0.001 0.72227377 0.69160724 0
53 0.05920906 0.07216726 0.001 -0.83861053 0.5447315 0
54 0.08612676 0.03206848 0.001 -0.24262774 0.9701195 0
55 0.09440886 0.0248289 0.001 -0.97089076 -0.2395227 0
56 0.065444894 0.06365823 0.001 0.6257832 -0.77999705 0
57 0.07675322 0.004341683 0.001 -0.5419556 0.84040713 0
58 0.05242406 0.06597645 0.001 0.124535315 -0.99221516 0
59 0.011631009 0.0073507708 0.001 -0.37691286 0.9262487 0
60 0.022209056 0.054110713 0.001 0.5726348 0.81981057 0
61 0.013147791 0.080963075 0.001 0.9481961 -0.3176856 0
62 0.078978464 0.0704504 0.001 0.7146325 0.6995001 0
63 0.020553673 0.03258729 0.001 0.463364 0.88616806 0
64 0.020072395 0.08954736 0.001 0.9304883 -0.3663216 0
65 0.06786333 0.04918238 0.001 -0.29053196 -0.9568653 0
66 0.009007404 0.09485335 0.001 -0.86426103 -0.5030436 0
67 0.0024585733 0.090169944 0.001 0.8418471 -0.539716 0
68 0.0010222727 0.026297502 0.001 0.69885457 -0.7152638 0
69 0.024269821 0.0495221 0.001 -0.065776594 -0.9978344 0
70 0.093638115 0.009131705 0.001 0.88857436 -0.45873263 0
71 0.04992706 0.038559552 0.001 0.67516226 -0.7376693 0
72 0.021613546 0.0065635154 0.001 -0.59793234 -0.8015466 0
73 0.072839044 0.021438634 0.001 0.21074669 0.97754073 0
74 0.057666507 0.05061175 0.001 -0.44689587 0.89458597 0
75 0.03712897 0.06314873 0.001 -0.99837697 0.05695122 0
76 0.02452488 0.093098514 0.001 -0.094811 -0.9954953 0
77 0.06310195 0.030638332 0.001 0.6944847 -0.7195075 0
78 0.06774405 0.054667823 0.001 -0.72841215 -0.68513924 0
79 0.04931065 0.06842022 0.001 -0.9944734 -0.1049888 0
80 0.040535234 0.08881456 0.001 0.806094 0.5917875 0
81 0.065912224 0.04308311 0.001 0.18033233 0.98360574 0
82 0.05193906 0.029894115 0.001 -0.7455986 -0.6663953 0
83 0.09859826 0.08825814 0.001 0.25369376 -0.96728456 0
84 0.008320121 0.025372505 0.001 -0.9824768 -0.18638502 0
85 0.09167898 0.03901759 0.001 0.033120923 -0.99945134 0
86 0.07031371 0.011029331 0.001 -0.2779769 -0.96058774 0
87 0.09069341 0.01007425 0.001 -0.37842047 -0.9256338 0
88 0.029272227 0.029741447 0.001 -0.8114547 -0.5844153 0
89 0.04870212 0.076214954 0.001 0.14006557 -0.9901422 0
90 0.067671575 0.0700592 0.001 0.014127808 0.9999002 0
91 0.038061533 0.06514568 0.001 -0.18036002 -0.9836007 0
92 0.058581483 0.037266403 0.001 -0.7264691 0.6871991 0
93 0.054487243 0.0069368593 0.001 0.51210725 0.8589215 0
94 0.08254296 0.082775556 0.001 0.12953724 -0.9915746 0
95 0.07796468 0.026646126 0.001 -0.9325925 -0.36093104 0
96 0.09712176 0.010807147 0.001 0.81031173 0.585999 0
97 0.06473951 0.050108247 0.001 0.40003064 0.91650176 0
98 0.031466316 0.096890785 0.001 0.5178112 -0.8554949 0
99 0.020765442 0.062679105 0.001 -0.998006 0.06311892 0
100 0.018232966 0.025132243 0.001 0.95990574 -0.28032303 0
101 0.026447196 0.01611964 0.001 -0.8763009 -0.4817643 0
102 0.0011743732 0.03362275 0.001 -0.60599005 -0.7954722 0
103 0.011739908 0.0031578825 0.001 0.7847484 0.61981446 0
104 0.088555574 0.028844582 0.001 -0.99731034 -0.07329417 0
105 0.0021593724 0.01994172 0.001 0.44569686 0.895184 0
106 0.095762804 0.08825472 0.001 -0.37729 0.9260951 0
107 0.08653676 0.0183327 0.001 -0.8121858 0.58339876 0
108 0.011753798 0.076047145 0.001 -0.99777657 -0.06664767 0
109 0.05789774 0.033474483 0.001 0.27314773 0.9619721 0
110 0.09550879 0.027967043 0.001 -0.5092893 -0.86059535 0
111 0.0462838 0.030062197 0.001 0.2769707 -0.9608784 0
112 0.051198836 0.0052646073 0.001 -0.75295234 -0.65807503 0
113 0.08652586 0.067558326 0.001 -0.843754 0.5367302 0
114 0.003459081 0.06728914 0.001 -0.64641863 0.7629829 0
115 0.03878355 0.049055878 0.001 0.9606559 -0.27774128 0
116 0.054495834 0.0030691656 0.001 0.4543483 -0.89082414 0
117 0.029803962 0.068728 0.001 -0.5387289 -0.84247917 0
118 0.029353337 0.09296179 0.001 0.43613648 0.8998805 0
119 0.050705016 0.086592495 0.001 0.9769447 0.21349265 0
120 0.06722684 0.09776198 0.001 -0.7449185 -0.66715544 0
121 0.07613432 0.02959104 0.001 -0.19608675 0.9805865 0
122 0.021810343 0.056232546 0.001 0.9620892 0.27273515 0
123 0.06275028 0.0842871 0.001 -0.78191394 -0.6233864 0
124 0.036988083 0.003227633 0.001 -0.06477666 -0.9978998 0
125 0.040679634 0.0048031597 0.001 -0.9869038 -0.16130991 0
126 0.077234246 0.07793665 0.001 -0.9577486 -0.28760675 0
127 0.040294673 0.022254962 0.001 -0.45363784 0.8911861 0
128 0.0958744 0.030530456 0.001 0.22516419 0.9743208 0
129 0.015429332 0.047736842 0.001 -0.20466343 0.9788324 0
130 0.025903808 0.08003287 0.001 -0.61034226 -0.79213786 0
131 0.016632134 0.011195964 0.001 0.8209078 0.57106084 0
132 0.089138046 0.094150044 0.001 -0.40595967 -0.913891 0
133 0.08988209 0.001469345 0.001 -0.47811592 -0.87829673 0
134 0.062370688 0.010870782 0.001 -0.67232865 -0.7402528 0
135 0.03538199 0.033950694 0.001 0.2893706 -0.95721716 0
136 0.06724036 0.06460114 0.001 -0.86487997 0.5019787 0
137 0.07122982 0.09391006 0.001 0.28939432 -0.95720994 0
138 0.01662971 0.027458042 0.001 0.91933507 0.39347562 0
139 0.07431417 0.046891876 0.001 -0.64857167 0.7611536 0
140 0.06702951 0.05872457 0.001 -0.16496046 -0.9863002 0
141 0.0024306695 0.07828559 0.001 -0.84823245 -0.52962416 0
142 0.06321831 0.024155252 0.001 -0.9955221 -0.094529405 0
143 0.04184712 0.09358829 0.001 -0.9660766 -0.25825563 0
144 0.098310724 0.056900673 0.001 -0.7825176 -0.62262845 0
145 0.063124366 0.071528725 0.001 0.99849784 -0.05479146 0
146 0.014598397 0.008057095 0.001 0.9864958 -0.16378643 0
147 0.0973043 0.09142815 0.001 0.5521462 0.8337473 0
148 0.071180254 0.060439143 0.001 0.92281544 0.38524237 0
149 0.057417307 0.040900815 0.001 0.82800955 -0.56071407 0
150 0.014973896 0.05572113 0.001 -0.9999973 0.0023260214 0
151 0.07182384 0.043919288 0.001 -0.64370155 0.7652766 0
152 0.0048713153 0.018876456 0.001 0.14099677 0.9900101 0
153 0.033449497 0.040189646 0.001 0.1669824 0.9859599 0
154 0.07213604 0.0066342065 0.001 -0.9995266 -0.030764958 0
155 0.09509399 0.062911846 0.001 0.22930074 0.97335565 0
156 0.08173026 0.0653259 0.001 -0.041248623 -0.9991489 0
157 0.08773393 0.036742758 0.001 0.30406275 0.952652 0
158 0.01619609 0.08977313 0.001 -0.98886704 -0.14880168 0
159 0.021661974 0.09162482 0.001 -0.9708181 -0.23981713 0
160 0.024003163 0.021100076 0.001 0.49634698 -0.86812425 0
161 0.09840654 0.05146274 0.001 0.08109686 0.99670625 0
162 0.050725017 0.060689364 0.001 -0.676222 0.7366979 0
163 0.07211073 0.08952604 0.001 -0.93810827 0.3463422 0
164 0.033830173 0.04306922 0.001 -0.16868642 0.9856698 0
165 0.033932734 0.07751293 0.001 0.7236748 -0.69014114 0
166 0.06850989 0.044855922 0.001 0.8574686 0.51453626 0
167 0.0030184048 0.011727711 0.001 -0.97399706 -0.22656077 0
168 0.05480802 0.07159016 0.001 -0.9781316 -0.20798701 0
169 0.029973252 0.07527558 0.001 0.5125252 -0.8586722 0
170 0.03713623 0.04017576 0.001 0.61439574 0.78899807 0
171 0.039616767 0.028481426 0.001 0.88514674 -0.46531197 0
172 0.015263055 0.015023774 0.001 -0.48026797 -0.8771218 0
173 0.08402741 0.06847512 0.001 0.7513285 0.6599284 0
174 0.021444084 0.03493076 0.001 -0.56013465 -0.82840157 0
175 0.038442288 0.032777585 0.001 0.9873314 -0.15867184 0
176 0.07807881 0.0078546135 0.001 -0.9264796 0.37634498 0
177 0.07451998 0.042479187 0.001 0.40854073 -0.9127401 0
178 0.012701127 0.09712619 0.001 0.074214265 -0.99724233 0
179 0.010433704 0.06565249 0.001 0.7094932 0.7047123 0
180 0.08780909 0.054941196 0.001 -0.9615041 -0.2747905 0
181 0.06341395 0.08772354 0.001 0.8635873 0.50419927 0
182 0.058244087 0.015048156 0.001 0.9461961 0.3235939 0
183 0.08984276 0.0064490093 0.001 0.22862624 -0.97351426 0
184 0.082481116 0.00344925 0.001 -0.32388717 -0.9460957 0
185 0.09119448 0.07575501 0.001 0.72656715 -0.6870955 0
186 0.07604293 0.082376234 0.001 0.5456147 0.8380362 0
187 0.08525031 0.08042645 0.001 -0.60765046 0.7942046 0
188 0.08108884 0.020371087 0.001 -0.66548884 -0.7464078 0
189 0.05457893 0.021769023 0.001 0.7913436 0.61137164 0
190 0.04210305 0.011748197 0.001 0.99954796 0.030063823 0
191 0.007995535 0.012713715 0.001 -0.3925997 -0.91970944 0
192 0.016545607 0.071885325 0.001 -0.97748697 -0.21099576 0
193 0.039312374 0.0702572 0.001 -0.20422165 -0.9789247 0
194 0.068210214 0.06074107 0.001 0.31010962 0.9507008 0
195 0.07242577 0.033741318 0.001 0.7682948 -0.6400961 0
196 0.053740542 0.04188154 0.001 -0.85299665 -0.5219164 0
197 0.09199501 0.01840187 0.001 -0.7044152 -0.70978814 0
198 0.034488294 0.0045595095 0.001 -0.9509006 0.30949643 0
199 0.00799453 0.02247329 0.001 -0.42368907 0.9058077 0
200 0.036475718 0.09750132 0.001 0.90611035 -0.42304137 0
201 0.07701937 0.058786545 0.001 -0.60747874 -0.79433596 0
202 0.007900386 0.019424448 0.001 -0.89294416 -0.4501674 0
203 0.0043604453 0.08188464 0.001 -0.95119417 -0.30859306 0
204 0.045980178 0.06028604 0.001 0.079480104 0.9968364 0
205 0.04505584 0.082573965 0.001 0.90198106 -0.4317756 0
206 0.08977924 0.09193712 0.001 -0.7989174 0.6014407 0
207 0.056206785 0.057793602 0.001 0.7092557 -0.70495135 0
208 0.051142182 0.0012628331 0.001 -0.3677213 -0.92993605 0
209 0.06813846 0.022233512 0.001 -0.7067251 0.70748824 0
210 0.043882277 0.07645131 0.001 0.9915012 -0.13009764 0
211 0.097082384 0.005627314 0.001 -0.9914047 0.13083087 0
212 0.045927927 0.027934544 0.001 -0.123224825 -0.9923788 0
213 0.0923714 0.07990843 0.001 0.8947789 -0.44650945 0
214 0.0559019 0.06219843 0.001 0.2076103 -0.97821164 0
215 0.06910852 0.063846566 0.001 -0.8733246 0.4871388 0
216 0.041448746 0.0915273 0.001 -0.66326445 -0.74838513 0
217 0.011126851 0.08634096 0.001 0.70961326 -0.7045914 0
218 0.08794974 0.08878447 0.001 0.27386928 0.9617669 0
219 0.01772379 0.08339583 0.001 0.13261844 -0.9911672 0
220 0.097676165 0.07801693 0.001 0.8930458 0.44996583 0
221 0.08437652 0.004430388 0.001 -0.051709555 -0.9986622 0
222 0.055389214 0.037158392 0.001 0.8485702 0.5290828 0
223 0.008108008 0.050610278 0.001 0.805938 0.592 0
224 0.09645651 0.06984598 0.001 -0.7435406 0.66869086 0
225 0.03527943 0.02110861 0.001 0.9777718 0.20967169 0
226 0.0051014316 0.0869366 0.001 0.9624174 -0.2715745 0
227 0.088492356 0.08371553 0.001 -0.44843408 -0.8938159 0
228 0.0074969833 0.030112876 0.001 0.73432994 -0.67879266 0
229 0.073215574 0.06517035 0.001 0.79688746 -0.60412776 0
230 0.050010923 0.0070955665 0.001 0.9171529 0.39853558 0
231 0.015064844 0.08300573 0.001 0.89846003 0.43905535 0
232 0.027994609 0.055977497 0.001 -0.9997513 0.022300314 0
233 0.06393185 0.09550129 0.001 -0.9768322 -0.2140067 0
234 0.054403987 0.011261819 0.001 -0.20559496 0.97863716 0
235 0.010269161 0.043477178 0.001 0.8340805 0.5516427 0
236 0.031644404 0.05960463 0.001 -0.9832684 0.18216278 0
237 0.019148676 0.04926957 0.001 0.5579088 0.8299023 0
238 0.08685446 0.03411334 0.001 0.7567084 -0.65375257 0
239 0.016310198 0.08046401 0.001 0.57739383 -0.8164658 0
240 0.059861723 0.051486403 0.001 0.9605745 -0.27802265 0
241 0.05185501 0.040271197 0.001 -0.36995423 -0.92904997 0
242 0.067273915 0.066976205 0.001 0.24916373 0.9684614 0
243 0.043833416 0.047843017 0.001 -0.9971516 0.075423084 0
244 0.020797692 0.0853652 0.001 0.66294754 -0.74866587 0
245 0.051435027 0.07964776 0.001 0.97379297 -0.2274362 0
246 0.084535554 0.098790996 0.001 0.84131914 -0.54053867 0
247 0.035330422 0.026325218 0.001 -0.99934417 -0.03621119 0
248 0.05350417 0.058502503 0.001 0.7679297 -0.6405342 0
249 0.011620314 0.029968351 0.001 0.8229802 0.56807 0
250 0.09147824 0.035065874 0.001 -0.67954403 -0.7336347 0
