0 0.05 0.05 0.005 0.0 0.0 0
1 0.02438331 0.0046549556 0.001 -0.9441636 -0.329477 0
2 0.037367992 0.047273483 0.001 0.47095394 -0.8821578 0
3 0.029799767 0.07910014 0.001 0.61783105 0.78631085 0
4 0.08547384 0.032145042 0.001 0.8942878 -0.4474922 0
5 0.09398726 0.049586013 0.001 0.27608442 0.96113336 0
6 0.06527462 0.01793981 0.001 0.9763129 -0.2163635 0
7 0.020420019 0.017900225 0.001 0.5742649 0.81866956 0
8 0.015195869 0.01878154 0.001 0.6122887 -0.7906343 0
9 0.052660722 0.07722428 0.001 0.0019997663 -0.999998 0
10 0.09001785 0.07396154 0.001 -0.35670015 -0.93421894 0
11 0.056295216 0.055025127 0.001 0.69524306 -0.71877474 0
12 0.034111623 0.08417954 0.001 -0.87117445 -0.4909736 0
13 0.0036041718 0.098397724 0.001 -0.025545504 0.99967366 0
14 0.020954955 0.050809734 0.001 0.136873 0.9905886 0
15 0.008852564 0.034253493 0.001 0.4978662 0.86725384 0
16 0.047837194 0.012864957 0.001 -0.36877662 0.92951804 0
17 0.07435625 0.02769164 0.001 -0.9332207 -0.35930377 0
18 0.019723922 0.097520106 0.001 -0.9453256 -0.32612807 0
19 0.078661226 0.06151873 0.001 0.8471768 0.53131115 0
20 0.08405116 0.034643088 0.001 -0.84154665 -0.54018444 0
21 0.038195003 0.040580455 0.001 -0.57768977 -0.8162564 0
22 0.017656902 0.001478983 0.001 -0.5503977 -0.8349026 0
23 0.026899852 0.06758474 0.001 -0.6465118 0.762904 0
24 0.0652046 0.03431075 0.001 -0.047798146 -0.998857 0
25 0.08942321 0.028006127 0.001 -0.17687456 -0.9842334 0
26 0.052602176 0.057940252 0.001 -0.34918994 -0.93705195 0
27 0.041961044 0.09351487 0.001 0.27865523 -0.9603912 0
28 0.06396906 0.09454248 0.001 -0.99476755 0.10216405 0
29 0.060718104 0.0014688717 0.001 0.9971779 0.07507486 0
30 0.054119278 0.021990376 0.001 0.75342417 -0.65753484 0
31 0.054613777 0.059895724 0.001 -0.74283534 -0.6694742 0
32 0.010627476 0.09030331 0.001 -0.2411951 -0.9704766 0
33 0.06393974 0.07774422 0.001 -0.99990314 0.013919393 0
34 0.057033222 0.007929114 0.001 -0.999729 -0.023279935 0
35 0.08820036 0.09486647 0.001 -0.9606071 -0.2779099 0
36 0.008028876 0.002688964 0.001 -0.5987282 -0.80095226 0
37 0.027255632 0.0545246 0.001 -0.996749 -0.080569565 0
38 0.092680514 0.016422544 0.001 -0.5640671 0.82572895 0
39 0.027100552 0.024910718 0.001 0.503635 -0.8639166 0
40 0.050588217 0.08928796 0.001 0.9035183 -0.42854947 0
41 0.03873033 0.060397513 0.001 -0.94821644 0.31762487 0
42 0.057105877 0.07805308 0.001 -0.63820964 -0.7698626 0
43 0.07386616 0.04752772 0.001 0.77548826 -0.631362 0
44 0.034887325 0.08807944 0.001 -0.9502123 -0.31160316 0
45 0.03462306 0.051474437 0.001 -0.7724108 -0.6351232 0
46 0.095401034 0.035822865 0.001 0.31907988 -0.94772786 0
47 0.026404059 0.098408826 0.001 -0.9935402 0.11348069 0
48 0.06400763 0.0894775 0.001 0.56304914 -0.8264234 0
49 0.06714619 0.030930167 0.001 0.9532253 -0.30226058 0
50 0.021367108 0.07222237 0.001 -0.5494098 0.83555305 0
51 0.0862241 0.02903597 0.001 -0.6778724 0.7351796 0
52 0.0038305614 0.0022088245 0.001 -0.1531999 -0.98819524 0
53 0.09076455 0.046027754 0.001 0.47337264 0.8808623 0
54 0.02876136 0.04561941 0.001 -0.5117523 0.85913306 0
55 0.066902906 0.08566726 0.001 0.8006047 0.5991929 0
56 0.07454652 0.050127942 0.001 -0.9233756 0.38389784 0
57 0.096142 0.019016933 0.001 0.15272048 -0.98826945 0
58 0.09468147 0.03007735 0.001 0.024805177 0.9996923 0
59 0.059969593 0.07020234 0.001 -0.9614669 -0.2749207 0
60 0.03400719 0.045912832 0.001 0.9506864 -0.31015387 0
61 0.04179596 0.06527984 0.001 -0.8118171 -0.5839118 0
62 0.0348748 0.0776194 0.001 0.7106065 -0.7035896 0
63 0.07588092 0.032147955 0.001 0.9380129 -0.34660035 0
64 0.037252348 0.0833747 0.001 -0.5729339 -0.8196016 0
65 0.096774474 0.07585999 0.001 0.71983016 0.6941502 0
66 0.010449451 0.09843858 0.001 0.7685505 -0.6397891 0
67 0.07768939 0.041964553 0.001 0.9305406 0.36618873 0
68 0.08625597 0.09293768 0.001 -0.0052826796 0.99998605 0
69 0.098434195 0.029310865 0.001 0.9110105 0.41238314 0
70 0.01140747 0.023352878 0.001 -0.9807129 -0.19545376 0
71 0.009134223 0.09176214 0.001 -0.98351717 -0.18081462 0
72 0.041269045 0.036064893 0.001 -0.9362266 -0.35139683 0
73 0.037542075 0.016414266 0.001 0.99630153 -0.08592611 0
74 0.049172703 0.007316348 0.001 -0.76335907 -0.64597446 0
75 0.008860601 0.046994817 0.001 0.17029463 -0.98539317 0
76 0.015678952 0.04456595 0.001 -0.34553227 0.9384069 0
77 0.052596215 0.08428325 0.001 -0.9809203 0.19441037 0
78 0.047645226 0.09164792 0.001 0.07708389 0.9970246 0
79 0.030330129 0.0927376 0.001 0.76776004 0.6407375 0
80 0.09303969 0.063170366 0.001 0.6047254 0.79643404 0
81 0.071410656 0.024986053 0.001 0.827631 0.5612726 0
82 0.07556235 0.09643057 0.001 -0.30037293 -0.95382184 0
83 0.016568493 0.069551915 0.001 0.6514862 0.7586605 0
84 0.03961677 0.05704699 0.001 -0.9024841 -0.43072313 0
85 0.012667172 0.063703164 0.001 -0.23990703 -0.97079587 0
86 0.03555071 0.060064226 0.001 0.72329867 -0.6905353 0
87 0.004665575 0.08772424 0.001 0.88212186 -0.47102126 0
88 0.044717807 0.07194554 0.001 -0.16156058 0.9868628 0
89 0.032999612 0.060088806 0.001 -0.95612943 -0.2929446 0
90 0.035995163 0.03607929 0.001 0.18332155 0.983053 0
91 0.05976728 0.08347662 0.001 -0.81064385 -0.5855396 0
92 0.095573805 0.09563594 0.001 -0.052225012 0.99863535 0
93 0.054621927 0.09802101 0.001 0.5275934 0.849497 0
94 0.075932845 0.016939484 0.001 -0.7860513 -0.6181613 0
95 0.09428116 0.042721316 0.001 -0.08933095 0.996002 0
96 0.05376614 0.08800204 0.001 0.86407846 0.5033571 0
97 0.0010433596 0.060397077 0.001 -0.8459212 -0.5333079 0
98 0.076795995 0.04788123 0.001 -0.7473179 0.6644667 0
99 0.07589167 0.021312773 0.001 -0.9220879 0.3869804 0
100 0.036821008 0.024659561 0.001 0.8907492 0.4544952 0
101 0.07932862 0.05784638 0.001 -0.9921238 0.12526138 0
102 0.060764484 0.030503433 0.001 0.9425641 -0.33402544 0
103 0.081890196 0.015831945 0.001 0.9581255 -0.2863487 0
104 0.07302852 0.082356356 0.001 0.89240247 0.45124033 0
105 0.011512525 0.00627414 0.001 0.46249095 0.886624 0
106 0.020010523 0.042299654 0.001 -0.4505598 -0.89274627 0
107 0.050459865 0.030192211 0.001 0.36472565 -0.93111503 0
108 0.011121885 0.030312395 0.001 0.9998586 0.01681411 0
109 0.032128364 0.063844696 0.001 0.43602931 0.89993244 0
110 0.0755016 0.06503003 0.001 0.85772055 0.51411617 0
111 0.012467646 0.080367245 0.001 -0.90958756 -0.41551223 0
112 0.05919362 0.08135748 0.001 0.5693578 -0.82208985 0
113 0.07673976 0.009700357 0.001 0.72279835 -0.69105905 0
114 0.091026925 0.06947904 0.001 0.80068254 0.59908885 0
115 0.03368614 0.06996762 0.001 -0.9726146 0.23242389 0
116 0.08454922 0.06340981 0.001 0.7269022 -0.686741 0
117 0.059985124 0.067850575 0.001 0.41630325 0.9092258 0
118 0.06621548 0.028887024 0.001 0.9964085 0.08467639 0
119 0.0070179654 0.07993621 0.001 0.05947966 0.9982295 0
120 0.07220226 0.04566171 0.001 -0.20669004 0.9784065 0
121 0.090614654 0.030062431 0.001 -0.92380685 0.38285893 0
122 0.03792265 0.095520265 0.001 0.9371678 -0.34887886 0
123 0.06342158 0.09771354 0.001 -0.09678433 -0.99530536 0
124 0.0061486755 0.018338377 0.001 0.66890097 -0.7433515 0
125 0.0046444996 0.02535702 0.001 -0.9238271 0.38281003 0
126 0.07952565 0.091523945 0.001 -0.9078934 -0.4192011 0
127 0.004916591 0.07874543 0.001 0.89810175 0.43978772 0
128 0.05277039 0.032848213 0.001 -0.311869 -0.9501251 0
129 0.093694806 0.045153487 0.001 -0.77294266 -0.6344759 0
130 0.022753922 0.054426398 0.001 -0.7843487 0.6203202 0
131 0.0746679 0.054760497 0.001 -0.22308147 0.9747998 0
132 0.0028250478 0.069232866 0.001 -0.44290987 -0.89656615 0
133 0.008897786 0.005656573 0.001 0.5077064 -0.8615302 0
134 0.0867835 0.08178292 0.001 0.19815497 -0.9801707 0
135 0.05552845 0.066082485 0.001 -0.9373289 0.348446 0
136 0.04006528 0.071579754 0.001 -0.9933926 -0.11476587 0
137 0.072459385 0.058892418 0.001 -0.9604871 0.27832446 0
138 0.08092151 0.08190153 0.001 -0.8217368 -0.5698672 0
139 0.08609099 0.07750451 0.001 -0.7478987 0.6638129 0
140 0.0027945153 0.028457282 0.001 0.20110534 -0.9795696 0
141 0.03478023 0.013127749 0.001 -0.04165666 0.999132 0
142 0.043605845 0.043373983 0.001 0.9844654 0.17557861 0
143 0.019076658 0.024556346 0.001 0.18681078 -0.9823959 0
144 0.023824204 0.04501012 0.001 -0.95582366 0.29394063 0
145 0.0053962516 0.08283807 0.001 0.9936949 -0.11211821 0
146 0.031037968 0.088530734 0.001 0.83607733 -0.5486116 0
147 0.025536684 0.027423153 0.001 -0.27855098 0.96042144 0
148 0.05697676 0.075660735 0.001 0.9058948 0.4235028 0
149 0.06099612 0.021129873 0.001 -0.123326086 -0.9923662 0
150 0.08169757 0.052180756 0.001 0.31765914 -0.948205 0
151 0.02039368 0.06749708 0.001 -0.72989476 0.68355954 0
152 0.049921326 0.05904391 0.001 0.7264081 0.6872636 0
153 0.0029108091 0.06291327 0.001 -0.9955308 -0.094437316 0
154 0.08649973 0.006110211 0.001 -0.9817573 -0.19013852 0
155 0.056274824 0.044989776 0.001 -0.9670307 0.2546598 0
156 0.025593946 0.09183863 0.001 -0.5664233 0.82411444 0
157 0.03729736 0.02029473 0.001 -0.9281524 -0.3722004 0
158 0.06755757 0.051469043 0.001 0.74804276 -0.6636505 0
159 0.0704742 0.051340643 0.001 0.83524203 0.5498825 0
160 0.01100936 0.033610806 0.001 0.11400976 -0.9934796 0
161 0.098661765 0.09699452 0.001 -0.8626978 -0.5057199 0
162 0.08497459 0.065738216 0.001 -0.7869874 -0.61696905 0
163 0.0019506819 0.047279198 0.001 0.61003476 -0.7923747 0
164 0.09256214 0.03122272 0.001 0.46361056 0.8860391 0
165 0.020036956 0.08594339 0.001 -0.96430266 0.26480258 0
166 0.08057278 0.07281549 0.001 -0.79155123 0.6111028 0
167 0.07625897 0.0023507262 0.001 -0.9957583 -0.092007965 0
168 0.083980165 0.09697099 0.001 -0.22693029 0.973911 0
169 0.0951413 0.007392343 0.001 0.071257144 -0.997458 0
170 0.046054266 0.060116805 0.001 -0.15325642 0.9881865 0
171 0.035107825 0.02116655 0.001 -0.24520908 -0.9694702 0
172 0.08681695 0.09784059 0.001 0.9234784 0.3836503 0
173 0.09183754 0.040101893 0.001 -0.4379508 -0.898999 0
174 0.04638516 0.078538485 0.001 -0.71784097 -0.6962071 0
175 0.018578885 0.048289232 0.001 0.085878946 -0.9963056 0
176 0.033738542 0.0036515505 0.001 -0.6696729 0.7426562 0
177 0.08781291 0.06749934 0.001 -0.3304739 0.9438151 0
178 0.041121595 0.07858373 0.001 -0.027272506 -0.999628 0
179 0.028621119 0.060960136 0.001 -0.70850056 -0.70571023 0
180 0.083997205 0.0686691 0.001 -0.55745924 0.8302043 0
181 0.048371635 0.06961644 0.001 0.30921116 0.9509934 0
182 0.0011372988 0.08469649 0.001 0.54490864 0.83849543 0
183 0.06164122 0.032921877 0.001 -0.54983485 -0.8352734 0
184 0.09614024 0.08364798 0.001 0.36837563 0.92967707 0
185 0.019565513 0.010561265 0.001 0.9295841 0.36861017 0
186 0.09371885 0.09303023 0.001 -0.65035325 -0.75963193 0
187 0.030472482 0.041403327 0.001 -0.39163226 -0.92012185 0
188 0.043507747 0.031443454 0.001 -0.8645624 -0.50252545 0
189 0.07087664 0.06753546 0.001 -0.7152299 0.69888926 0
190 0.057376947 0.0854176 0.001 -0.96841633 0.24933885 0
191 0.0024898122 0.023039384 0.001 0.41740644 -0.9087199 0
192 0.09705477 0.069675975 0.001 -0.9017912 0.43217197 0
193 0.04898173 0.02760915 0.001 -0.42531565 -0.9050451 0
194 0.052447416 0.002459064 0.001 -0.91931355 0.39352587 0
195 0.032555424 0.034468442 0.001 0.64779973 0.76181066 0
196 0.0077864467 0.071130335 0.001 -0.9488522 0.3157207 0
197 0.003762587 0.06573735 0.001 -0.86558473 0.50076246 0
198 0.028402539 0.08834579 0.001 -0.6509321 0.75913596 0
199 0.015069657 0.053936392 0.001 0.22216739 0.97500855 0
200 0.0971695 0.07798119 0.001 0.24316727 0.96998435 0
201 0.014040936 0.033823088 0.001 0.790384 -0.6126118 0
202 0.0401218 0.03216095 0.001 0.8127938 0.58255154 0
203 0.009574911 0.085395545 0.001 0.6758136 -0.7370726 0
204 0.020368746 0.06397199 0.001 0.95539564 -0.29532886 0
205 0.0010906446 0.004565251 0.001 0.33970258 0.9405329 0
206 0.020405667 0.02217992 0.001 -0.99027395 -0.13913122 0
207 0.05233612 0.0911993 0.001 -0.5897352 0.8075967 0
208 0.05957257 0.02353141 0.001 -0.87039447 0.49235505 0
209 0.03865459 0.08848116 0.001 0.7833678 -0.6215584 0
210 0.058744576 0.010513624 0.001 0.83359015 0.5523834 0
211 0.06266396 0.024622044 0.001 0.9823376 0.18711728 0
212 0.014045363 0.035830535 0.001 0.38074118 0.92468166 0
213 0.012458528 0.048176263 0.001 -0.47032762 0.8824919 0
214 0.052167356 0.0044421293 0.001 -0.4363698 -0.8997674 0
215 0.033886675 0.022948254 0.001 0.6529897 0.75736684 0
216 0.07654291 0.07610648 0.001 -0.9862248 -0.16541067 0
217 0.081404276 0.04279184 0.001 -0.76945215 0.6387045 0
218 0.017473469 0.039308336 0.001 0.32572496 0.94546455 0
219 0.090985425 0.02444062 0.001 -0.66865134 -0.74357605 0
220 0.028529568 0.010328339 0.001 -0.8993457 -0.4372383 0
221 0.09715289 0.024847995 0.001 0.9998273 0.018581588 0
222 0.018738128 0.09395253 0.001 -0.59693855 0.802287 0
223 0.070461944 0.07341588 0.001 0.70099145 0.7131697 0
224 0.07730251 0.05817871 0.001 0.70125103 0.7129144 0
225 0.028909612 0.098932825 0.001 -0.20673743 -0.9783965 0
226 0.05839628 0.0034184377 0.001 0.26813024 0.96338266 0
227 0.043587733 0.048269693 0.001 -0.68125826 -0.73204315 0
228 0.013962657 0.051328957 0.001 -0.84297657 -0.5379502 0
229 0.053958945 0.025749037 0.001 0.2879026 -0.9576597 0
230 0.028925017 0.06958927 0.001 0.599547 0.8003396 0
231 0.067898914 0.053843115 0.001 -0.797014 0.6039608 0
232 0.0274492 0.051348418 0.001 -0.68999135 -0.72381765 0
233 0.007340893 0.031664103 0.001 0.7887403 0.6147266 0
234 0.073210806 0.010329139 0.001 -0.876302 -0.4817622 0
235 0.061455157 0.051106073 0.001 -0.012716252 0.9999191 0
236 0.09350659 0.060197543 0.001 -0.961394 -0.2751756 0
237 0.096445926 0.06188072 0.001 -0.87052613 -0.49212217 0
238 0.08542581 0.051035468 0.001 -0.91129607 -0.41175178 0
239 0.017233072 0.021492573 0.001 -0.7534642 0.6574889 0
240 0.012597824 0.07287871 0.001 -0.9331737 0.35942572 0
241 0.05881893 0.040459532 0.001 -0.8933431 -0.44937524 0
242 0.048540153 0.01990214 0.001 -0.17030019 0.9853922 0
243 0.050659068 0.09784247 0.001 -0.9754424 -0.22025459 0
244 0.021135526 0.026219567 0.001 -0.30287427 0.9530305 0
245 0.025210299 0.041713256 0.001 0.93538934 0.35361958 0
246 0.014770824 0.038080357 0.001 0.2927562 0.9561871 0
247 0.032659072 0.077383175 0.001 0.75218946 0.65894693 0
248 0.09721519 0.012739721 0.001 -0.7911641 -0.6116039 0
249 0.09858697 0.004929267 0.001 0.51337945 -0.8581617 0
250 0.0038205613 0.04656672 0.001 -0.37193272 -0.9282597 0
