0 0.05 0.05 0.005 0.0 0.0 0
1 0.004396334 0.02706064 0.001 -0.99714446 0.07551771 0
2 0.088088654 0.02010684 0.001 -0.17365079 0.9848073 0
3 0.012258804 0.09000608 0.001 -0.9350556 -0.35450113 0
4 0.08538774 0.0013212983 0.001 -0.89239377 -0.4512575 0
5 0.055655498 0.09890117 0.001 -0.42221087 0.90649766 0
6 0.030791689 0.06895265 0.001 -0.8661956 0.49970505 0
7 0.064276524 0.021877594 0.001 -0.2207621 -0.9753277 0
8 0.023969213 0.078002624 0.001 0.61219674 -0.7907055 0
9 0.061892025 0.0939703 0.001 -0.2420379 0.9702668 0
10 0.027949257 0.028044341 0.001 0.021283874 0.9997735 0
11 0.013780434 0.0109920455 0.001 0.11363263 0.9935228 0
12 0.04973604 0.06780441 0.001 -0.7215776 -0.6923336 0
13 0.098198846 0.031119628 0.001 -0.9559031 -0.2936822 0
14 0.08186343 0.040578697 0.001 0.3213875 -0.94694775 0
15 0.025492793 0.06430156 0.001 0.05334903 0.9985759 0
16 0.00987403 0.046970397 0.001 0.6102084 0.7922409 0
17 0.062265918 0.05802873 0.001 0.8944367 -0.44719455 0
18 0.013316597 0.05312212 0.001 -0.76687634 0.64179486 0
19 0.09782327 0.038666658 0.001 -0.33373025 0.9426686 0
20 0.091717415 0.051217213 0.001 -0.60535944 -0.7959522 0
21 0.0027744917 0.043840416 0.001 0.7491739 0.66237336 0
22 0.030733088 0.0032016803 0.001 -0.52288765 -0.8524016 0
23 0.08451847 0.028682679 0.001 0.95405185 0.29964146 0
24 0.044545904 0.06079766 0.001 0.53375447 -0.84563947 0
25 0.07682475 0.022581406 0.001 -0.8998028 -0.43629676 0
26 0.08640753 0.0036676428 0.001 -0.71412194 0.7000213 0
27 0.014996659 0.07447847 0.001 0.94800854 -0.31824484 0
28 0.08019943 0.032846138 0.001 -0.9903449 0.1386255 0
29 0.005254058 0.006109446 0.001 -0.8022282 0.59701747 0
30 0.011637873 0.02942956 0.001 -0.8261646 -0.5634289 0
31 0.017765589 0.006123517 0.001 0.9383525 -0.3456798 0
32 0.022585642 0.0327987 0.001 -0.99810785 -0.061487477 0
33 0.078277804 0.045371797 0.001 -0.6165829 -0.78729 0
34 0.045654416 0.06696933 0.001 -0.17011693 0.98542386 0
35 0.035923194 0.06339807 0.001 0.3545356 -0.9350425 0
36 0.029957691 0.013693556 0.001 0.32780617 0.944745 0
37 0.07887667 0.05571572 0.001 0.6311011 -0.77570057 0
38 0.057676673 0.09813009 0.001 -0.7441149 0.6680517 0
39 0.089967035 0.041106105 0.001 0.8389887 -0.54414886 0
40 0.0859985 0.04183433 0.001 0.9418313 0.33608606 0
41 0.030972289 0.032629736 0.001 -0.11881855 0.992916 0
42 0.044753578 0.03466364 0.001 0.99500984 -0.0997769 0
43 0.033510912 0.049718704 0.001 0.9946582 0.10322386 0
44 0.08105892 0.0013251127 0.001 -0.19598646 -0.9806066 0
45 0.0343658 0.066748686 0.001 -0.99955106 0.029961405 0
46 0.043452602 0.085404746 0.001 -0.8604063 -0.5096087 0
47 0.0076349536 0.0027677743 0.001 -0.8314462 0.55560535 0
48 0.06774919 0.08575756 0.001 -0.6865669 -0.72706664 0
49 0.06557588 0.03249763 0.001 -0.4277505 -0.90389687 0
50 0.09490998 0.048654433 0.001 -0.8593881 0.51132387 0
51 0.027730362 0.053349644 0.001 -0.9132877 0.40731508 0
52 0.06717432 0.021668512 0.001 0.99754804 -0.06998492 0
53 0.06795691 0.08341572 0.001 0.14112496 -0.9899918 0
54 0.013001374 0.06423281 0.001 -0.83225256 -0.5543967 0
55 0.07562827 0.007326979 0.001 0.73721695 -0.67565614 0
56 0.004188134 0.09182677 0.001 0.79589313 -0.6054371 0
57 0.08412075 0.09124767 0.001 -0.9999975 -0.0022420746 0
58 0.05371835 0.009193342 0.001 -0.27728721 0.96078706 0
59 0.03297017 0.07797805 0.001 0.18102206 -0.983479 0
60 0.015300258 0.0050369212 0.001 0.001611383 -0.9999987 0
61 0.03909405 0.08070721 0.001 0.98351395 0.18083218 0
62 0.052882712 0.08561261 0.001 -0.96199787 -0.27305698 0
63 0.013031807 0.05017567 0.001 -0.78823406 -0.6153755 0
64 0.091371536 0.001205104 0.001 -0.1896817 -0.9818456 0
65 0.012252858 0.01378562 0.001 -0.9996912 0.024850206 0
66 0.09076772 0.09656949 0.001 -0.9293834 0.36911583 0
67 0.08467562 0.039682887 0.001 0.11833404 -0.99297386 0
68 0.0094281845 0.059646115 0.001 0.9932332 -0.11613678 0
69 0.021570437 0.012548484 0.001 -0.18936965 -0.9819059 0
70 0.0890723 0.052996166 0.001 -0.93903697 0.34381625 0
71 0.028142363 0.004627776 0.001 -0.6506855 0.7593473 0
72 0.00240033 0.094887204 0.001 -0.7574025 -0.6529483 0
73 0.076209724 0.03175114 0.001 -0.654744 -0.7558507 0
74 0.0628449 0.06055366 0.001 -0.81568485 0.5784965 0
75 0.037746005 0.018592974 0.001 -0.98087317 0.19464797 0
76 0.045866348 0.029814083 0.001 0.3182586 -0.94800395 0
77 0.008177425 0.07218054 0.001 0.41842452 0.9082516 0
78 0.032790296 0.06863879 0.001 -0.8706552 0.49189386 0
79 0.022270365 0.020727778 0.001 0.18284145 0.98314244 0
80 0.044093374 0.074430555 0.001 -0.08195767 -0.9966358 0
81 0.086236514 0.06677036 0.001 0.767695 -0.6408154 0
82 0.031261086 0.08000075 0.001 0.75640935 -0.6540985 0
83 0.09627248 0.011991246 0.001 0.84146315 0.54031456 0
84 0.010680941 0.057558287 0.001 -0.90110445 -0.43360204 0
85 0.06693493 0.015452481 0.001 -0.62360805 0.78173715 0
86 0.068593755 0.029767314 0.001 0.873743 -0.4863879 0
87 0.004371281 0.010241655 0.001 0.9999997 -7.5463846E-4 0
88 0.06368852 0.0423867 0.001 0.42953107 -0.9030521 0
89 0.013079629 0.043998387 0.001 -0.85781854 -0.51395273 0
90 0.019706942 0.07835648 0.001 -0.3800748 -0.9249557 0
91 0.0054577193 0.043375082 0.001 -0.9766417 -0.21487439 0
92 0.028626312 0.044415135 0.001 0.99997014 -0.007725325 0
93 0.06314267 0.08591267 0.001 0.90049607 0.4348641 0
94 0.085555226 0.031728584 0.001 -0.9306331 -0.36595348 0
95 0.07802485 0.00382399 0.001 -0.82983935 -0.5580024 0
96 0.0141971605 0.087783806 0.001 0.4855448 0.8742118 0
97 0.0702201 0.09227633 0.001 0.36727515 0.93011236 0
98 0.07823351 0.07193189 0.001 -0.9884135 -0.1517853 0
99 0.03159259 0.005423069 0.001 0.9596559 0.28117704 0
100 0.04136998 0.01439835 0.001 -0.39698225 -0.9178263 0
101 0.04656741 0.0062009487 0.001 0.59609413 -0.80291456 0
102 0.09778516 0.04172964 0.001 -0.9809397 -0.19431259 0
103 0.07050224 0.044596344 0.001 0.20068052 0.97965676 0
104 0.037648235 0.084749006 0.001 -0.84589195 -0.5333543 0
105 0.084528446 0.07776123 0.001 -0.34604636 0.9382174 0
106 0.020685393 0.05637835 0.001 0.16386363 0.986483 0
107 0.060980514 0.0624004 0.001 0.9062787 -0.42268056 0
108 0.09226606 0.06553862 0.001 0.966165 0.25792482 0
109 0.01278804 0.076704465 0.001 -0.76882255 0.6394622 0
110 0.02228686 0.017145721 0.001 0.59415627 0.8043496 0
111 0.07092801 0.021510564 0.001 0.8768536 -0.4807575 0
112 0.09158542 0.0848666 0.001 0.7937118 0.608294 0
113 0.0022174695 0.021987906 0.001 0.28005773 0.95998317 0
114 0.012111815 0.041022785 0.001 -0.8987396 0.43848285 0
115 0.056202766 0.024262432 0.001 0.4278889 0.90383136 0
116 0.010539378 0.02347433 0.001 0.22824952 -0.97360265 0
117 0.08936684 0.07896324 0.001 -0.3187734 -0.947831 0
118 0.064986534 0.01895846 0.001 -0.96439415 -0.26446918 0
119 0.0014705132 0.06429474 0.001 0.61936563 0.78510267 0
120 0.09135055 0.029641312 0.001 0.8048744 -0.5934452 0
121 0.030702908 0.095747694 0.001 -0.72328925 -0.6905452 0
122 0.014578793 0.0015631672 0.001 0.24726227 -0.9689486 0
123 0.089829825 0.0046468945 0.001 -0.835533 0.5494402 0
124 0.06884058 0.036543507 0.001 0.96593404 0.25878844 0
125 0.08186525 0.0712406 0.001 0.9255577 0.3786066 0
126 0.01815526 0.07306114 0.001 0.704929 -0.70927787 0
127 0.024269033 0.07188036 0.001 -0.3920161 -0.91995835 0
128 0.08318959 0.030575234 0.001 0.57759 -0.81632704 0
129 0.037293177 0.012787999 0.001 -0.65825474 0.7527952 0
130 0.025247594 0.08875792 0.001 0.38000762 0.9249834 0
131 0.006277989 0.018838167 0.001 -0.87763196 -0.47933513 0
132 0.004139914 0.0521103 0.001 0.9357107 0.35276818 0
133 0.04611718 0.056884535 0.001 -0.77069813 -0.6372004 0
134 0.028178772 0.063244246 0.001 0.9764869 0.21557657 0
135 0.045489226 0.012649397 0.001 0.8478821 -0.5301848 0
136 0.035585072 0.014582526 0.001 -0.74248743 -0.66986 0
137 0.018897735 0.097839974 0.001 -0.9994917 0.03188071 0
138 0.07160072 0.0732379 0.001 -0.81144387 -0.5844304 0
139 0.09435212 0.038197644 0.001 -0.60835916 -0.79366183 0
140 0.07149968 0.010831604 0.001 -0.9002677 0.43533674 0
141 0.08809276 0.073686585 0.001 -0.51219326 -0.8588702 0
142 0.013579874 0.08425234 0.001 0.0071155736 0.99997467 0
143 0.052993357 0.06203946 0.001 0.728072 -0.6855007 0
144 0.029186558 0.09205595 0.001 -0.6774197 -0.7355967 0
145 0.075461 0.03528339 0.001 0.33197963 -0.94328654 0
146 0.012435905 0.007000284 0.001 0.07981067 -0.99681 0
147 0.043553703 0.027045768 0.001 0.9902442 -0.13934293 0
148 0.036298793 0.077163815 0.001 -0.9876698 0.15655133 0
149 0.057483688 0.027411137 0.001 -0.99950534 -0.031450316 0
150 0.05965757 0.010270586 0.001 -0.34871268 -0.9372297 0
151 0.07095525 0.055126052 0.001 0.57045573 -0.82132834 0
152 0.021472415 0.08782626 0.001 -0.3370168 -0.94149864 0
153 0.057276364 0.056324884 0.001 -0.9052679 0.42484125 0
154 0.024568496 0.09279409 0.001 -0.73968834 0.6729496 0
155 0.07093802 0.09736744 0.001 0.92672855 -0.37573162 0
156 0.010932261 0.03503943 0.001 0.07412852 0.9972487 0
157 0.009845004 0.09577439 0.001 0.99355125 -0.11338372 0
158 0.01769203 0.05691838 0.001 -0.9586794 -0.28448877 0
159 0.08789458 0.08630256 0.001 0.9431926 0.3322464 0
160 0.070956096 0.07890725 0.001 0.63023496 -0.77640444 0
161 0.06079977 0.07584661 0.001 0.57241833 0.8199617 0
162 0.06661456 0.030579336 0.001 -0.9321987 -0.36194694 0
163 0.061619572 0.054577693 0.001 -0.54528624 0.8382499 0
164 0.025721958 0.06113021 0.001 0.6156106 0.7880505 0
165 0.03267495 0.06382327 0.001 0.945278 -0.32626596 0
166 0.009924036 0.019816687 0.001 -0.52834874 -0.84902745 0
167 0.055301722 0.08082475 0.001 0.4957048 -0.8684911 0
168 0.013121002 0.07006006 0.001 -0.5625826 0.82674104 0
169 0.060670227 0.068275906 0.001 0.98209625 0.18837975 0
170 0.09768539 0.09896543 0.001 0.9719403 -0.23522778 0
171 0.018713491 0.011611575 0.001 0.46158814 -0.8870944 0
172 0.034597293 0.0012469683 0.001 0.49533266 0.86870337 0
173 0.019729747 0.045894492 0.001 -0.9743127 -0.22519928 0
174 0.06943654 0.07102034 0.001 0.9968355 0.079492725 0
175 0.05269261 0.0062210956 0.001 -0.9990086 -0.044517092 0
176 0.032721918 0.017082127 0.001 -0.90782744 0.41934398 0
177 0.08999659 0.067503825 0.001 0.16741994 -0.9858857 0
178 0.0924978 0.07852468 0.001 -0.79634714 -0.60483986 0
179 0.08573533 0.01028835 0.001 0.9772567 -0.21205969 0
180 0.068238504 0.09658455 0.001 -0.78968644 0.61351067 0
181 0.08808082 0.035804927 0.001 -0.92059624 0.3905157 0
182 0.032242976 0.025722787 0.001 -0.7557783 0.6548276 0
183 0.0965448 0.078125365 0.001 0.9166791 0.39962414 0
184 0.062037744 0.040202446 0.001 -0.7633735 0.64595735 0
185 0.08024178 0.06562909 0.001 -0.5861392 0.8102104 0
186 0.06321178 0.07007075 0.001 0.736599 0.6763297 0
187 0.074467555 0.021937555 0.001 -0.94439995 0.32879895 0
188 0.032132894 0.092408784 0.001 -0.9738418 0.22722721 0
189 0.07417182 0.032799676 0.001 0.9259743 0.37758654 0
190 0.07759091 0.08830288 0.001 -0.99304354 -0.11774768 0
191 0.025696471 0.05745955 0.001 -0.094111286 -0.99556166 0
192 0.039365716 0.087243564 0.001 0.99953526 -0.030483931 0
193 0.05829703 0.024927342 0.001 -0.31135836 -0.9502926 0
194 0.06514256 0.086218186 0.001 0.8673445 0.4977083 0
195 0.018648302 0.031101871 0.001 -0.078649595 -0.99690235 0
196 0.036348548 0.04179788 0.001 0.33339858 -0.942786 0
197 0.04821448 0.01612995 0.001 -0.5985853 0.80105907 0
198 0.007208501 0.04843395 0.001 -0.5007157 -0.8656118 0
199 0.050591365 0.08779552 0.001 -0.8492179 -0.5280426 0
200 0.08827696 0.06463474 0.001 0.56319493 -0.82632405 0
201 0.04117945 0.022156887 0.001 -0.9254276 -0.37892437 0
202 0.017576788 0.06841459 0.001 -0.8387347 -0.5445403 0
203 0.058605712 0.08919206 0.001 -0.66874456 0.7434922 0
204 0.041998055 0.0971924 0.001 0.86047167 0.5094983 0
205 0.076526284 0.06551066 0.001 0.93391407 0.3574975 0
206 0.025825085 0.0067858687 0.001 0.9075369 -0.41997236 0
207 0.060401518 0.05179854 0.001 0.680517 0.73273224 0
208 0.0053871335 0.05368644 0.001 0.5864417 -0.8099914 0
209 0.0075026844 0.08705314 0.001 -0.54550564 0.8381071 0
210 0.06292531 0.06645752 0.001 0.6185341 0.78575796 0
211 0.014358479 0.023941198 0.001 0.75651395 0.6539775 0
212 0.06282144 0.07310761 0.001 0.4285859 -0.90350103 0
213 0.0061641023 0.03705578 0.001 -0.97169554 -0.23623665 0
214 0.018548908 0.041537583 0.001 0.2009689 0.9795976 0
215 0.05860384 0.01625018 0.001 -0.56149447 0.8274805 0
216 0.033629615 0.080367714 0.001 -0.108009286 0.99414986 0
217 0.07722322 0.049719725 0.001 0.86937374 -0.49415517 0
218 0.048598796 0.08019022 0.001 0.51420265 0.8576687 0
219 0.02726899 0.0857283 0.001 -0.39868098 -0.9170897 0
220 0.06602277 0.0023644648 0.001 -0.91117644 -0.4120164 0
221 0.09766361 0.07335479 0.001 0.9853557 -0.17051172 0
222 0.05127114 0.041769188 0.001 -0.909866 0.41490236 0
223 0.081590176 0.08284046 0.001 0.9056401 -0.42404717 0
224 0.0807016 0.022049729 0.001 -0.6474602 -0.76209927 0
225 0.020318668 0.049138077 0.001 -0.0076084277 -0.99997103 0
226 0.07887738 0.034690596 0.001 -0.30740705 0.95157814 0
227 0.0796111 0.012156576 0.001 0.28696746 -0.95794034 0
228 0.053438228 0.09341133 0.001 0.9564748 0.29181495 0
229 0.007268415 0.03320104 0.001 0.9517394 -0.30690742 0
230 0.0967291 0.08889938 0.001 -0.26904896 0.9631265 0
231 0.056196123 0.06664847 0.001 -0.9596142 0.2813193 0
232 0.053419292 0.02380363 0.001 0.99540657 0.095738135 0
233 0.011803876 0.060275644 0.001 0.9693766 0.24557887 0
234 0.06968256 0.0034198626 0.001 0.6676257 -0.74449706 0
235 0.03935053 0.078031205 0.001 -0.73880076 -0.6739239 0
236 0.045311466 0.08872271 0.001 0.9508191 -0.30974686 0
237 0.038866837 0.04250276 0.001 0.94219095 0.33507642 0
238 0.07143163 0.00599029 0.001 0.41305724 0.9107051 0
239 0.08140448 0.07351515 0.001 -0.61084443 0.7917506 0
240 0.018304095 0.034251217 0.001 -0.99889743 0.04694549 0
241 0.046929516 0.074881 0.001 -0.830595 -0.5568769 0
242 0.09798096 0.04418148 0.001 -0.28623623 0.9581591 0
243 0.06522897 0.016665366 0.001 0.6524224 0.7578555 0
244 0.08521515 0.02459813 0.001 0.11042456 -0.9938845 0
245 0.09519519 0.035371486 0.001 0.42386746 0.9057242 0
246 0.0558856 0.02174498 0.001 0.7234719 -0.6903539 0
247 0.085157305 0.008100058 0.001 -0.4564721 0.8897377 0
248 0.06382427 0.0901485 0.001 0.59417015 0.8043394 0
249 0.06278517 0.08038024 0.001 -0.40032658 -0.91637254 0
250 0.032718446 0.05268123 0.001 0.98730457 -0.15883863 0
