0 0.004396334 0.02706064 0.001 -5.982867 0.45310622 0
1 0.088088654 0.02010684 0.001 -1.0419047 5.908844 0
2 0.012258804 0.09000608 0.001 -5.6103334 -2.1270068 0
3 0.08538774 0.0013212983 0.001 -5.3543625 -2.707545 0
4 0.055655498 0.09890117 0.001 -2.533265 5.438986 0
5 0.030791689 0.06895265 0.001 -5.1971736 2.9982302 0
6 0.064276524 0.021877594 0.001 -1.3245726 -5.851966 0
7 0.023969213 0.078002624 0.001 3.6731806 -4.744233 0
8 0.061892025 0.0939703 0.001 -1.4522275 5.821601 0
9 0.027949257 0.028044341 0.001 0.12770325 5.998641 0
10 0.013780434 0.0109920455 0.001 0.6817958 5.961137 0
11 0.04973604 0.06780441 0.001 -4.3294654 -4.154001 0
12 0.098198846 0.031119628 0.001 -5.735419 -1.7620931 0
13 0.08186343 0.040578697 0.001 1.9283249 -5.6816864 0
14 0.025492793 0.06430156 0.001 0.32009417 5.9914556 0
15 0.00987403 0.046970397 0.001 3.6612504 4.7534456 0
16 0.062265918 0.05802873 0.001 5.36662 -2.6831672 0
17 0.013316597 0.05312212 0.001 -4.6012583 3.850769 0
18 0.09782327 0.038666658 0.001 -2.0023816 5.6560116 0
19 0.091717415 0.051217213 0.001 -3.6321566 -4.775713 0
20 0.0027744917 0.043840416 0.001 4.4950433 3.9742403 0
21 0.030733088 0.0032016803 0.001 -3.1373258 -5.1144094 0
22 0.08451847 0.028682679 0.001 5.724311 1.7978487 0
23 0.044545904 0.06079766 0.001 3.2025268 -5.073837 0
24 0.07682475 0.022581406 0.001 -5.398817 -2.6177807 0
25 0.08640753 0.0036676428 0.001 -4.284732 4.200128 0
26 0.014996659 0.07447847 0.001 5.688051 -1.9094691 0
27 0.08019943 0.032846138 0.001 -5.942069 0.831753 0
28 0.005254058 0.006109446 0.001 -4.8133693 3.5821047 0
29 0.011637873 0.02942956 0.001 -4.9569874 -3.3805733 0
30 0.017765589 0.006123517 0.001 5.630115 -2.0740788 0
31 0.022585642 0.0327987 0.001 -5.988647 -0.36892486 0
32 0.078277804 0.045371797 0.001 -3.6994972 -4.7237396 0
33 0.045654416 0.06696933 0.001 -1.0207016 5.9125433 0
34 0.035923194 0.06339807 0.001 2.1272137 -5.6102552 0
35 0.029957691 0.013693556 0.001 1.966837 5.66847 0
36 0.07887667 0.05571572 0.001 3.7866063 -4.6542034 0
37 0.057676673 0.09813009 0.001 -4.4646893 4.0083103 0
38 0.089967035 0.041106105 0.001 5.033932 -3.264893 0
39 0.0859985 0.04183433 0.001 5.6509876 2.0165164 0
40 0.030972289 0.032629736 0.001 -0.7129113 5.9574957 0
41 0.044753578 0.03466364 0.001 5.970059 -0.5986614 0
42 0.033510912 0.049718704 0.001 5.967949 0.61934316 0
43 0.08105892 0.0013251127 0.001 -1.1759188 -5.88364 0
44 0.0343658 0.066748686 0.001 -5.9973063 0.17976843 0
45 0.043452602 0.085404746 0.001 -5.1624374 -3.057652 0
46 0.0076349536 0.0027677743 0.001 -4.988677 3.333632 0
47 0.06774919 0.08575756 0.001 -4.1194015 -4.3624 0
48 0.06557588 0.03249763 0.001 -2.566503 -5.4233813 0
49 0.09490998 0.048654433 0.001 -5.1563287 3.067943 0
50 0.027730362 0.053349644 0.001 -5.4797263 2.4438906 0
51 0.06717432 0.021668512 0.001 5.985288 -0.41990954 0
52 0.06795691 0.08341572 0.001 0.8467498 -5.939951 0
53 0.013001374 0.06423281 0.001 -4.9935155 -3.3263803 0
54 0.07562827 0.007326979 0.001 4.4233017 -4.053937 0
55 0.004188134 0.09182677 0.001 4.7753587 -3.6326227 0
56 0.08412075 0.09124767 0.001 -5.9999847 -0.013452448 0
57 0.05371835 0.009193342 0.001 -1.6637232 5.7647223 0
58 0.03297017 0.07797805 0.001 1.0861324 -5.900874 0
59 0.015300258 0.0050369212 0.001 0.009668298 -5.9999924 0
60 0.03909405 0.08070721 0.001 5.901084 1.0849931 0
61 0.052882712 0.08561261 0.001 -5.771987 -1.6383419 0
62 0.013031807 0.05017567 0.001 -4.7294044 -3.692253 0
63 0.091371536 0.001205104 0.001 -1.1380901 -5.8910737 0
64 0.012252858 0.01378562 0.001 -5.998147 0.14910124 0
65 0.09076772 0.09656949 0.001 -5.5763006 2.214695 0
66 0.08467562 0.039682887 0.001 0.7100042 -5.9578433 0
67 0.0094281845 0.059646115 0.001 5.959399 -0.6968207 0
68 0.021570437 0.012548484 0.001 -1.1362178 -5.891435 0
69 0.0890723 0.052996166 0.001 -5.634222 2.0628974 0
70 0.028142363 0.004627776 0.001 -3.9041128 4.5560837 0
71 0.00240033 0.094887204 0.001 -4.544415 -3.9176898 0
72 0.076209724 0.03175114 0.001 -3.9284642 -4.535104 0
73 0.0628449 0.06055366 0.001 -4.8941092 3.4709792 0
74 0.037746005 0.018592974 0.001 -5.885239 1.1678878 0
75 0.045866348 0.029814083 0.001 1.9095516 -5.6880236 0
76 0.008177425 0.07218054 0.001 2.5105472 5.4495096 0
77 0.032790296 0.06863879 0.001 -5.2239313 2.951363 0
78 0.022270365 0.020727778 0.001 1.0970488 5.8988547 0
79 0.044093374 0.074430555 0.001 -0.491746 -5.9798145 0
80 0.086236514 0.06677036 0.001 4.60617 -3.8448923 0
81 0.031261086 0.08000075 0.001 4.538456 -3.924591 0
82 0.09627248 0.011991246 0.001 5.048779 3.2418873 0
83 0.010680941 0.057558287 0.001 -5.4066267 -2.601612 0
84 0.06693493 0.015452481 0.001 -3.7416482 4.690423 0
85 0.068593755 0.029767314 0.001 5.242458 -2.9183273 0
86 0.004371281 0.010241655 0.001 5.999998 -0.0045278305 0
87 0.06368852 0.0423867 0.001 2.5771863 -5.4183125 0
88 0.013079629 0.043998387 0.001 -5.146911 -3.0837164 0
89 0.019706942 0.07835648 0.001 -2.280449 -5.549734 0
90 0.0054577193 0.043375082 0.001 -5.8598504 -1.2892463 0
91 0.028626312 0.044415135 0.001 5.9998207 -0.04635195 0
92 0.06314267 0.08591267 0.001 5.4029765 2.6091847 0
93 0.085555226 0.031728584 0.001 -5.583799 -2.195721 0
94 0.07802485 0.00382399 0.001 -4.9790363 -3.3480144 0
95 0.0141971605 0.087783806 0.001 2.9132688 5.2452707 0
96 0.0702201 0.09227633 0.001 2.203651 5.580674 0
97 0.07823351 0.07193189 0.001 -5.930481 -0.91071177 0
98 0.03159259 0.005423069 0.001 5.7579355 1.6870623 0
99 0.04136998 0.01439835 0.001 -2.3818936 -5.506958 0
100 0.04656741 0.0062009487 0.001 3.5765648 -4.8174872 0
101 0.09778516 0.04172964 0.001 -5.885638 -1.1658756 0
102 0.07050224 0.044596344 0.001 1.2040832 5.8779407 0
103 0.037648235 0.084749006 0.001 -5.0753517 -3.2001257 0
104 0.084528446 0.07776123 0.001 -2.0762782 5.6293044 0
105 0.020685393 0.05637835 0.001 0.9831818 5.9188976 0
106 0.060980514 0.0624004 0.001 5.4376726 -2.5360832 0
107 0.09226606 0.06553862 0.001 5.79699 1.547549 0
108 0.01278804 0.076704465 0.001 -4.612935 3.836773 0
109 0.02228686 0.017145721 0.001 3.5649376 4.8260975 0
110 0.07092801 0.021510564 0.001 5.2611217 -2.884545 0
111 0.09158542 0.0848666 0.001 4.762271 3.649764 0
112 0.0022174695 0.021987906 0.001 1.6803464 5.759899 0
113 0.012111815 0.041022785 0.001 -5.3924375 2.630897 0
114 0.056202766 0.024262432 0.001 2.5673335 5.422988 0
115 0.010539378 0.02347433 0.001 1.3694971 -5.8416157 0
116 0.08936684 0.07896324 0.001 -1.9126403 -5.686986 0
117 0.064986534 0.01895846 0.001 -5.786365 -1.5868151 0
118 0.0014705132 0.06429474 0.001 3.7161937 4.710616 0
119 0.09135055 0.029641312 0.001 4.8292465 -3.560671 0
120 0.030702908 0.095747694 0.001 -4.3397355 -4.1432714 0
121 0.014578793 0.0015631672 0.001 1.4835737 -5.8136916 0
122 0.089829825 0.0046468945 0.001 -5.013198 3.2966413 0
123 0.06884058 0.036543507 0.001 5.795604 1.5527306 0
124 0.08186525 0.0712406 0.001 5.553346 2.2716396 0
125 0.01815526 0.07306114 0.001 4.229574 -4.255667 0
126 0.024269033 0.07188036 0.001 -2.3520966 -5.51975 0
127 0.08318959 0.030575234 0.001 3.46554 -4.897962 0
128 0.037293177 0.012787999 0.001 -3.9495285 4.5167713 0
129 0.025247594 0.08875792 0.001 2.2800457 5.5499 0
130 0.006277989 0.018838167 0.001 -5.265792 -2.876011 0
131 0.004139914 0.0521103 0.001 5.6142645 2.116609 0
132 0.04611718 0.056884535 0.001 -4.624189 -3.8232026 0
133 0.028178772 0.063244246 0.001 5.8589215 1.2934594 0
134 0.045489226 0.012649397 0.001 5.0872927 -3.181109 0
135 0.035585072 0.014582526 0.001 -4.4549246 -4.0191603 0
136 0.018897735 0.097839974 0.001 -5.99695 0.19128427 0
137 0.07160072 0.0732379 0.001 -4.8686633 -3.5065823 0
138 0.09435212 0.038197644 0.001 -3.650155 -4.761971 0
139 0.07149968 0.010831604 0.001 -5.4016066 2.6120205 0
140 0.08809276 0.073686585 0.001 -3.0731597 -5.153221 0
141 0.013579874 0.08425234 0.001 0.042693444 5.999848 0
142 0.052993357 0.06203946 0.001 4.368432 -4.113004 0
143 0.029186558 0.09205595 0.001 -4.0645185 -4.4135804 0
144 0.075461 0.03528339 0.001 1.9918778 -5.6597195 0
145 0.012435905 0.007000284 0.001 0.478864 -5.98086 0
146 0.043553703 0.027045768 0.001 5.9414654 -0.8360576 0
147 0.036298793 0.077163815 0.001 -5.9260187 0.939308 0
148 0.057483688 0.027411137 0.001 -5.997032 -0.1887019 0
149 0.05965757 0.010270586 0.001 -2.092276 -5.6233783 0
150 0.07095525 0.055126052 0.001 3.4227343 -4.92797 0
151 0.021472415 0.08782626 0.001 -2.0221007 -5.6489916 0
152 0.057276364 0.056324884 0.001 -5.4316072 2.5490475 0
153 0.024568496 0.09279409 0.001 -4.43813 4.037698 0
154 0.07093802 0.09736744 0.001 5.5603714 -2.2543898 0
155 0.010932261 0.03503943 0.001 0.44477114 5.9834924 0
156 0.009845004 0.09577439 0.001 5.9613075 -0.6803023 0
157 0.01769203 0.05691838 0.001 -5.752076 -1.7069325 0
158 0.08789458 0.08630256 0.001 5.659156 1.9934783 0
159 0.070956096 0.07890725 0.001 3.7814097 -4.658427 0
160 0.06079977 0.07584661 0.001 3.43451 4.9197702 0
161 0.06661456 0.030579336 0.001 -5.593192 -2.1716816 0
162 0.061619572 0.054577693 0.001 -3.2717175 5.0294995 0
163 0.025721958 0.06113021 0.001 3.6936636 4.728303 0
164 0.03267495 0.06382327 0.001 5.671668 -1.9575958 0
165 0.009924036 0.019816687 0.001 -3.1700926 -5.094165 0
166 0.055301722 0.08082475 0.001 2.9742289 -5.2109466 0
167 0.013121002 0.07006006 0.001 -3.3754957 4.9604464 0
168 0.060670227 0.068275906 0.001 5.8925776 1.1302785 0
169 0.09768539 0.09896543 0.001 5.8316417 -1.4113667 0
170 0.018713491 0.011611575 0.001 2.7695289 -5.322566 0
171 0.034597293 0.0012469683 0.001 2.9719958 5.21222 0
172 0.019729747 0.045894492 0.001 -5.845876 -1.3511957 0
173 0.06943654 0.07102034 0.001 5.981013 0.47695637 0
174 0.05269261 0.0062210956 0.001 -5.9940515 -0.26710254 0
175 0.032721918 0.017082127 0.001 -5.4469647 2.516064 0
176 0.08999659 0.067503825 0.001 1.0045197 -5.915314 0
177 0.0924978 0.07852468 0.001 -4.778083 -3.6290393 0
178 0.08573533 0.01028835 0.001 5.86354 -1.2723582 0
179 0.068238504 0.09658455 0.001 -4.7381186 3.6810641 0
180 0.08808082 0.035804927 0.001 -5.5235777 2.3430943 0
181 0.032242976 0.025722787 0.001 -4.53467 3.9289656 0
182 0.0965448 0.078125365 0.001 5.5000744 2.397745 0
183 0.062037744 0.040202446 0.001 -4.580241 3.875744 0
184 0.08024178 0.06562909 0.001 -3.5168352 4.8612623 0
185 0.06321178 0.07007075 0.001 4.4195943 4.057978 0
186 0.074467555 0.021937555 0.001 -5.6664 1.9727937 0
187 0.032132894 0.092408784 0.001 -5.843051 1.3633633 0
188 0.07417182 0.032799676 0.001 5.5558457 2.2655191 0
189 0.07759091 0.08830288 0.001 -5.9582615 -0.7064861 0
190 0.025696471 0.05745955 0.001 -0.5646677 -5.97337 0
191 0.039365716 0.087243564 0.001 5.9972115 -0.18290359 0
192 0.05829703 0.024927342 0.001 -1.8681502 -5.7017555 0
193 0.06514256 0.086218186 0.001 5.204067 2.9862497 0
194 0.018648302 0.031101871 0.001 -0.47189757 -5.981414 0
195 0.036348548 0.04179788 0.001 2.0003915 -5.656716 0
196 0.04821448 0.01612995 0.001 -3.5915117 4.8063545 0
197 0.007208501 0.04843395 0.001 -3.004294 -5.1936707 0
198 0.050591365 0.08779552 0.001 -5.0953074 -3.1682558 0
199 0.08827696 0.06463474 0.001 3.3791695 -4.9579444 0
200 0.04117945 0.022156887 0.001 -5.5525656 -2.2735462 0
201 0.017576788 0.06841459 0.001 -5.032408 -3.2672417 0
202 0.058605712 0.08919206 0.001 -4.0124674 4.460953 0
203 0.041998055 0.0971924 0.001 5.16283 3.0569897 0
204 0.076526284 0.06551066 0.001 5.603484 2.1449852 0
205 0.025825085 0.0067858687 0.001 5.4452214 -2.519834 0
206 0.060401518 0.05179854 0.001 4.083102 4.3963933 0
207 0.0053871335 0.05368644 0.001 3.51865 -4.8599486 0
208 0.0075026844 0.08705314 0.001 -3.2730339 5.0286427 0
209 0.06292531 0.06645752 0.001 3.7112045 4.7145476 0
210 0.014358479 0.023941198 0.001 4.5390835 3.923865 0
211 0.06282144 0.07310761 0.001 2.5715153 -5.421006 0
212 0.0061641023 0.03705578 0.001 -5.8301735 -1.4174199 0
213 0.018548908 0.041537583 0.001 1.2058134 5.877586 0
214 0.05860384 0.01625018 0.001 -3.3689668 4.964883 0
215 0.033629615 0.080367714 0.001 -0.64805573 5.964899 0
216 0.07722322 0.049719725 0.001 5.2162423 -2.964931 0
217 0.048598796 0.08019022 0.001 3.085216 5.1460123 0
218 0.02726899 0.0857283 0.001 -2.392086 -5.502538 0
219 0.06602277 0.0023644648 0.001 -5.4670587 -2.4720984 0
220 0.09766361 0.07335479 0.001 5.912134 -1.0230703 0
221 0.05127114 0.041769188 0.001 -5.459196 2.4894142 0
222 0.081590176 0.08284046 0.001 5.4338408 -2.544283 0
223 0.0807016 0.022049729 0.001 -3.8847613 -4.5725956 0
224 0.020318668 0.049138077 0.001 -0.045650564 -5.9998264 0
225 0.07887738 0.034690596 0.001 -1.8444424 5.709469 0
226 0.0796111 0.012156576 0.001 1.7218047 -5.747642 0
227 0.053438228 0.09341133 0.001 5.7388487 1.7508898 0
228 0.007268415 0.03320104 0.001 5.7104363 -1.8414445 0
229 0.0967291 0.08889938 0.001 -1.6142938 5.778759 0
230 0.056196123 0.06664847 0.001 -5.757685 1.6879158 0
231 0.053419292 0.02380363 0.001 5.9724393 0.5744288 0
232 0.011803876 0.060275644 0.001 5.81626 1.4734732 0
233 0.06968256 0.0034198626 0.001 4.0057545 -4.4669824 0
234 0.03935053 0.078031205 0.001 -4.4328046 -4.0435433 0
235 0.045311466 0.08872271 0.001 5.7049146 -1.8584812 0
236 0.038866837 0.04250276 0.001 5.653146 2.0104585 0
237 0.07143163 0.00599029 0.001 2.4783435 5.4642305 0
238 0.08140448 0.07351515 0.001 -3.6650667 4.7505035 0
239 0.018304095 0.034251217 0.001 -5.9933844 0.28167295 0
240 0.046929516 0.074881 0.001 -4.98357 -3.3412614 0
241 0.09798096 0.04418148 0.001 -1.7174174 5.748955 0
242 0.06522897 0.016665366 0.001 3.9145346 4.547133 0
243 0.08521515 0.02459813 0.001 0.66254735 -5.963307 0
244 0.09519519 0.035371486 0.001 2.5432048 5.4343452 0
245 0.0558856 0.02174498 0.001 4.3408313 -4.142123 0
246 0.085157305 0.008100058 0.001 -2.7388325 5.3384266 0
247 0.06382427 0.0901485 0.001 3.565021 4.8260365 0
248 0.06278517 0.08038024 0.001 -2.4019594 -5.498235 0
249 0.032718446 0.05268123 0.001 5.923827 -0.9530318 0
