0 0.02438331 0.0046549556 0.001 -5.664982 -1.9768621 0
1 0.037367992 0.047273483 0.001 2.8257236 -5.292947 0
2 0.029799767 0.07910014 0.001 3.7069864 4.717865 0
3 0.08547384 0.032145042 0.001 5.365727 -2.6849532 0
4 0.09398726 0.049586013 0.001 1.6565065 5.7668 0
5 0.06527462 0.01793981 0.001 5.8578773 -1.298181 0
6 0.020420019 0.017900225 0.001 3.4455893 4.9120173 0
7 0.015195869 0.01878154 0.001 3.6737323 -4.743806 0
8 0.052660722 0.07722428 0.001 0.0119985975 -5.9999876 0
9 0.09001785 0.07396154 0.001 -2.1402009 -5.605314 0
10 0.056295216 0.055025127 0.001 4.1714582 -4.3126483 0
11 0.034111623 0.08417954 0.001 -5.227047 -2.9458416 0
12 0.0036041718 0.098397724 0.001 -0.15327302 5.998042 0
13 0.020954955 0.050809734 0.001 0.82123804 5.9435315 0
14 0.008852564 0.034253493 0.001 2.9871974 5.203523 0
15 0.047837194 0.012864957 0.001 -2.2126598 5.5771084 0
16 0.07435625 0.02769164 0.001 -5.599324 -2.1558228 0
17 0.019723922 0.097520106 0.001 -5.6719537 -1.9567684 0
18 0.078661226 0.06151873 0.001 5.0830607 3.187867 0
19 0.08405116 0.034643088 0.001 -5.04928 -3.2411065 0
20 0.038195003 0.040580455 0.001 -3.4661386 -4.897538 0
21 0.017656902 0.001478983 0.001 -3.3023863 -5.0094156 0
22 0.026899852 0.06758474 0.001 -3.8790708 4.577424 0
23 0.0652046 0.03431075 0.001 -0.28678888 -5.993142 0
24 0.08942321 0.028006127 0.001 -1.0612473 -5.9054003 0
25 0.052602176 0.057940252 0.001 -2.0951395 -5.6223116 0
26 0.041961044 0.09351487 0.001 1.6719314 -5.762347 0
27 0.06396906 0.09454248 0.001 -5.968605 0.6129843 0
28 0.060718104 0.0014688717 0.001 5.9830675 0.45044917 0
29 0.054119278 0.021990376 0.001 4.520545 -3.945209 0
30 0.054613777 0.059895724 0.001 -4.457012 -4.016845 0
31 0.010627476 0.09030331 0.001 -1.4471706 -5.82286 0
32 0.06393974 0.07774422 0.001 -5.9994187 0.08351636 0
33 0.057033222 0.007929114 0.001 -5.998374 -0.13967961 0
34 0.08820036 0.09486647 0.001 -5.763643 -1.6674595 0
35 0.008028876 0.002688964 0.001 -3.592369 -4.8057137 0
36 0.027255632 0.0545246 0.001 -5.980494 -0.4834174 0
37 0.092680514 0.016422544 0.001 -3.3844028 4.954374 0
38 0.027100552 0.024910718 0.001 3.02181 -5.1834993 0
39 0.050588217 0.08928796 0.001 5.42111 -2.5712967 0
40 0.03873033 0.060397513 0.001 -5.6892986 1.9057492 0
41 0.057105877 0.07805308 0.001 -3.829258 -4.6191754 0
42 0.07386616 0.04752772 0.001 4.6529293 -3.7881722 0
43 0.034887325 0.08807944 0.001 -5.701274 -1.8696189 0
44 0.03462306 0.051474437 0.001 -4.6344647 -3.810739 0
45 0.095401034 0.035822865 0.001 1.9144793 -5.686367 0
46 0.026404059 0.098408826 0.001 -5.9612412 0.6808841 0
47 0.06400763 0.0894775 0.001 3.378295 -4.9585404 0
48 0.06714619 0.030930167 0.001 5.719352 -1.8135635 0
49 0.021367108 0.07222237 0.001 -3.2964587 5.013318 0
50 0.0862241 0.02903597 0.001 -4.0672345 4.4110775 0
51 0.0038305614 0.0022088245 0.001 -0.91919935 -5.9291716 0
52 0.09076455 0.046027754 0.001 2.8402357 5.285174 0
53 0.02876136 0.04561941 0.001 -3.0705137 5.1547985 0
54 0.066902906 0.08566726 0.001 4.803628 3.5951576 0
55 0.07454652 0.050127942 0.001 -5.5402536 2.3033872 0
56 0.096142 0.019016933 0.001 0.9163229 -5.929617 0
57 0.09468147 0.03007735 0.001 0.14883107 5.9981537 0
58 0.059969593 0.07020234 0.001 -5.7688017 -1.6495242 0
59 0.03400719 0.045912832 0.001 5.7041183 -1.8609233 0
60 0.04179596 0.06527984 0.001 -4.8709025 -3.5034707 0
61 0.0348748 0.0776194 0.001 4.263639 -4.2215376 0
62 0.07588092 0.032147955 0.001 5.6280775 -2.0796022 0
63 0.037252348 0.0833747 0.001 -3.4376035 -4.9176097 0
64 0.096774474 0.07585999 0.001 4.318981 4.1649013 0
65 0.010449451 0.09843858 0.001 4.6113033 -3.8387346 0
66 0.07768939 0.041964553 0.001 5.583244 2.1971323 0
67 0.08625597 0.09293768 0.001 -0.031696077 5.999916 0
68 0.098434195 0.029310865 0.001 5.466063 2.474299 0
69 0.01140747 0.023352878 0.001 -5.8842773 -1.1727226 0
70 0.009134223 0.09176214 0.001 -5.901103 -1.0848877 0
71 0.041269045 0.036064893 0.001 -5.6173596 -2.108381 0
72 0.037542075 0.016414266 0.001 5.977809 -0.51555663 0
73 0.049172703 0.007316348 0.001 -4.5801544 -3.8758469 0
74 0.008860601 0.046994817 0.001 1.0217677 -5.912359 0
75 0.015678952 0.04456595 0.001 -2.0731936 5.630441 0
76 0.052596215 0.08428325 0.001 -5.885522 1.1664622 0
77 0.047645226 0.09164792 0.001 0.46250337 5.9821477 0
78 0.030330129 0.0927376 0.001 4.60656 3.8444247 0
79 0.09303969 0.063170366 0.001 3.6283526 4.7786045 0
80 0.071410656 0.024986053 0.001 4.965786 3.3676357 0
81 0.07556235 0.09643057 0.001 -1.8022375 -5.722931 0
82 0.016568493 0.069551915 0.001 3.9089174 4.551963 0
83 0.03961677 0.05704699 0.001 -5.4149046 -2.5843387 0
84 0.012667172 0.063703164 0.001 -1.4394422 -5.824775 0
85 0.03555071 0.060064226 0.001 4.3397923 -4.143212 0
86 0.004665575 0.08772424 0.001 5.2927313 -2.8261275 0
87 0.044717807 0.07194554 0.001 -0.96936345 5.921177 0
88 0.032999612 0.060088806 0.001 -5.7367764 -1.7576677 0
89 0.035995163 0.03607929 0.001 1.0999293 5.8983183 0
90 0.05976728 0.08347662 0.001 -4.863863 -3.5132375 0
91 0.095573805 0.09563594 0.001 -0.31335008 5.991812 0
92 0.054621927 0.09802101 0.001 3.1655602 5.096982 0
93 0.075932845 0.016939484 0.001 -4.7163076 -3.708968 0
94 0.09428116 0.042721316 0.001 -0.5359857 5.976012 0
95 0.05376614 0.08800204 0.001 5.1844707 3.0201426 0
96 0.0010433596 0.060397077 0.001 -5.075527 -3.1998475 0
97 0.076795995 0.04788123 0.001 -4.4839077 3.9868002 0
98 0.07589167 0.021312773 0.001 -5.5325274 2.3218825 0
99 0.036821008 0.024659561 0.001 5.3444953 2.7269711 0
100 0.07932862 0.05784638 0.001 -5.9527426 0.7515683 0
101 0.060764484 0.030503433 0.001 5.6553845 -2.0041528 0
102 0.081890196 0.015831945 0.001 5.7487526 -1.7180922 0
103 0.07302852 0.082356356 0.001 5.354415 2.707442 0
104 0.011512525 0.00627414 0.001 2.7749457 5.319744 0
105 0.020010523 0.042299654 0.001 -2.7033587 -5.3564777 0
106 0.050459865 0.030192211 0.001 2.188354 -5.58669 0
107 0.011121885 0.030312395 0.001 5.9991517 0.10088466 0
108 0.032128364 0.063844696 0.001 2.616176 5.399595 0
109 0.0755016 0.06503003 0.001 5.146323 3.084697 0
110 0.012467646 0.080367245 0.001 -5.4575253 -2.4930735 0
111 0.05919362 0.08135748 0.001 3.4161468 -4.932539 0
112 0.07673976 0.009700357 0.001 4.33679 -4.146354 0
113 0.091026925 0.06947904 0.001 4.8040953 3.594533 0
114 0.03368614 0.06996762 0.001 -5.8356876 1.3945433 0
115 0.08454922 0.06340981 0.001 4.361413 -4.120446 0
116 0.059985124 0.067850575 0.001 2.4978194 5.4553547 0
117 0.06621548 0.028887024 0.001 5.9784513 0.50805837 0
118 0.0070179654 0.07993621 0.001 0.35687798 5.989377 0
119 0.07220226 0.04566171 0.001 -1.2401402 5.870439 0
120 0.090614654 0.030062431 0.001 -5.542841 2.2971535 0
121 0.03792265 0.095520265 0.001 5.623007 -2.0932732 0
122 0.06342158 0.09771354 0.001 -0.580706 -5.9718323 0
123 0.0061486755 0.018338377 0.001 4.013406 -4.460109 0
124 0.0046444996 0.02535702 0.001 -5.5429626 2.2968602 0
125 0.07952565 0.091523945 0.001 -5.4473605 -2.5152066 0
126 0.004916591 0.07874543 0.001 5.3886104 2.6387262 0
127 0.05277039 0.032848213 0.001 -1.8712139 -5.7007504 0
128 0.093694806 0.045153487 0.001 -4.637656 -3.8068552 0
129 0.022753922 0.054426398 0.001 -4.7060924 3.7219212 0
130 0.0746679 0.054760497 0.001 -1.3384888 5.8487988 0
131 0.0028250478 0.069232866 0.001 -2.6574593 -5.379397 0
132 0.008897786 0.005656573 0.001 3.0462384 -5.169181 0
133 0.0867835 0.08178292 0.001 1.1889298 -5.8810244 0
134 0.05552845 0.066082485 0.001 -5.6239734 2.090676 0
135 0.04006528 0.071579754 0.001 -5.9603558 -0.6885952 0
136 0.072459385 0.058892418 0.001 -5.762923 1.6699467 0
137 0.08092151 0.08190153 0.001 -4.930421 -3.4192033 0
138 0.08609099 0.07750451 0.001 -4.4873924 3.9828773 0
139 0.0027945153 0.028457282 0.001 1.206632 -5.8774176 0
140 0.03478023 0.013127749 0.001 -0.24993998 5.994792 0
141 0.043605845 0.043373983 0.001 5.9067926 1.0534717 0
142 0.019076658 0.024556346 0.001 1.1208646 -5.8943753 0
143 0.023824204 0.04501012 0.001 -5.734942 1.7636437 0
144 0.0053962516 0.08283807 0.001 5.9621696 -0.6727092 0
145 0.031037968 0.088530734 0.001 5.016464 -3.2916694 0
146 0.025536684 0.027423153 0.001 -1.6713059 5.7625284 0
147 0.05697676 0.075660735 0.001 5.435369 2.5410168 0
148 0.06099612 0.021129873 0.001 -0.7399565 -5.954197 0
149 0.08169757 0.052180756 0.001 1.9059548 -5.68923 0
150 0.02039368 0.06749708 0.001 -4.379369 4.1013575 0
151 0.049921326 0.05904391 0.001 4.358449 4.123582 0
152 0.0029108091 0.06291327 0.001 -5.9731846 -0.5666239 0
153 0.08649973 0.006110211 0.001 -5.890544 -1.1408311 0
154 0.056274824 0.044989776 0.001 -5.802184 1.5279589 0
155 0.025593946 0.09183863 0.001 -3.3985398 4.944687 0
156 0.03729736 0.02029473 0.001 -5.5689144 -2.2332025 0
157 0.06755757 0.051469043 0.001 4.4882565 -3.981903 0
158 0.0704742 0.051340643 0.001 5.011452 3.299295 0
159 0.01100936 0.033610806 0.001 0.68405855 -5.9608774 0
160 0.098661765 0.09699452 0.001 -5.1761866 -3.0343194 0
161 0.08497459 0.065738216 0.001 -4.721925 -3.7018142 0
162 0.0019506819 0.047279198 0.001 3.6602087 -4.754248 0
163 0.09256214 0.03122272 0.001 2.7816634 5.3162346 0
164 0.020036956 0.08594339 0.001 -5.785816 1.5888155 0
165 0.08057278 0.07281549 0.001 -4.7493076 3.666617 0
166 0.07625897 0.0023507262 0.001 -5.97455 -0.5520478 0
167 0.083980165 0.09697099 0.001 -1.3615818 5.843466 0
168 0.0951413 0.007392343 0.001 0.42754287 -5.984748 0
169 0.046054266 0.060116805 0.001 -0.9195385 5.929119 0
170 0.035107825 0.02116655 0.001 -1.4712545 -5.816821 0
171 0.08681695 0.09784059 0.001 5.5408707 2.3019018 0
172 0.09183754 0.040101893 0.001 -2.6277046 -5.393994 0
173 0.04638516 0.078538485 0.001 -4.307046 -4.1772428 0
174 0.018578885 0.048289232 0.001 0.5152737 -5.9778337 0
175 0.033738542 0.0036515505 0.001 -4.0180373 4.455937 0
176 0.08781291 0.06749934 0.001 -1.9828434 5.6628904 0
177 0.041121595 0.07858373 0.001 -0.16363503 -5.997768 0
178 0.028621119 0.060960136 0.001 -4.2510033 -4.2342615 0
179 0.083997205 0.0686691 0.001 -3.3447554 4.981226 0
180 0.048371635 0.06961644 0.001 1.855267 5.7059603 0
181 0.0011372988 0.08469649 0.001 3.2694519 5.0309725 0
182 0.06164122 0.032921877 0.001 -3.299009 -5.0116405 0
183 0.09614024 0.08364798 0.001 2.2102537 5.5780625 0
184 0.019565513 0.010561265 0.001 5.5775046 2.211661 0
185 0.09371885 0.09303023 0.001 -3.9021196 -4.5577917 0
186 0.030472482 0.041403327 0.001 -2.3497934 -5.520731 0
187 0.043507747 0.031443454 0.001 -5.187374 -3.0151527 0
188 0.07087664 0.06753546 0.001 -4.2913795 4.1933355 0
189 0.057376947 0.0854176 0.001 -5.810498 1.4960331 0
190 0.0024898122 0.023039384 0.001 2.5044386 -5.452319 0
191 0.09705477 0.069675975 0.001 -5.4107475 2.593032 0
192 0.04898173 0.02760915 0.001 -2.551894 -5.4302707 0
193 0.052447416 0.002459064 0.001 -5.5158815 2.3611553 0
194 0.032555424 0.034468442 0.001 3.8867984 4.5708637 0
195 0.0077864467 0.071130335 0.001 -5.6931133 1.8943243 0
196 0.003762587 0.06573735 0.001 -5.193508 3.0045748 0
197 0.028402539 0.08834579 0.001 -3.9055924 4.554816 0
198 0.015069657 0.053936392 0.001 1.3330044 5.8500514 0
199 0.0971695 0.07798119 0.001 1.4590036 5.819906 0
200 0.014040936 0.033823088 0.001 4.742304 -3.6756706 0
201 0.0401218 0.03216095 0.001 4.876763 3.4953094 0
202 0.009574911 0.085395545 0.001 4.0548816 -4.4224358 0
203 0.020368746 0.06397199 0.001 5.7323737 -1.7719731 0
204 0.0010906446 0.004565251 0.001 2.0382154 5.6431975 0
205 0.020405667 0.02217992 0.001 -5.9416437 -0.8347873 0
206 0.05233612 0.0911993 0.001 -3.5384111 4.84558 0
207 0.05957257 0.02353141 0.001 -5.222367 2.9541302 0
208 0.03865459 0.08848116 0.001 4.7002068 -3.7293506 0
209 0.058744576 0.010513624 0.001 5.001541 3.3143005 0
210 0.06266396 0.024622044 0.001 5.894026 1.1227037 0
211 0.014045363 0.035830535 0.001 2.2844472 5.54809 0
212 0.012458528 0.048176263 0.001 -2.8219657 5.2949514 0
213 0.052167356 0.0044421293 0.001 -2.618219 -5.3986044 0
214 0.033886675 0.022948254 0.001 3.9179382 4.544201 0
215 0.07654291 0.07610648 0.001 -5.917349 -0.992464 0
216 0.081404276 0.04279184 0.001 -4.616713 3.8322268 0
217 0.017473469 0.039308336 0.001 1.9543498 5.672787 0
218 0.090985425 0.02444062 0.001 -4.011908 -4.4614563 0
219 0.028529568 0.010328339 0.001 -5.3960743 -2.6234298 0
220 0.09715289 0.024847995 0.001 5.998964 0.11148953 0
221 0.018738128 0.09395253 0.001 -3.5816312 4.8137217 0
222 0.070461944 0.07341588 0.001 4.205949 4.2790184 0
223 0.07730251 0.05817871 0.001 4.207506 4.2774863 0
224 0.028909612 0.098932825 0.001 -1.2404246 -5.870379 0
225 0.05839628 0.0034184377 0.001 1.6087815 5.780296 0
226 0.043587733 0.048269693 0.001 -4.0875497 -4.3922586 0
227 0.013962657 0.051328957 0.001 -5.0578594 -3.2277012 0
228 0.053958945 0.025749037 0.001 1.7274156 -5.7459583 0
229 0.028925017 0.06958927 0.001 3.5972822 4.8020372 0
230 0.067898914 0.053843115 0.001 -4.782084 3.623765 0
231 0.0274492 0.051348418 0.001 -4.139948 -4.342906 0
232 0.007340893 0.031664103 0.001 4.732442 3.6883597 0
233 0.073210806 0.010329139 0.001 -5.257812 -2.8905733 0
234 0.061455157 0.051106073 0.001 -0.076297514 5.9995146 0
235 0.09350659 0.060197543 0.001 -5.768364 -1.6510537 0
236 0.096445926 0.06188072 0.001 -5.223157 -2.952733 0
237 0.08542581 0.051035468 0.001 -5.4677763 -2.4705107 0
238 0.017233072 0.021492573 0.001 -4.5207853 3.9449334 0
239 0.012597824 0.07287871 0.001 -5.5990424 2.1565542 0
240 0.05881893 0.040459532 0.001 -5.360059 -2.6962514 0
241 0.048540153 0.01990214 0.001 -1.0218011 5.9123535 0
242 0.050659068 0.09784247 0.001 -5.8526545 -1.3215275 0
243 0.021135526 0.026219567 0.001 -1.8172456 5.718183 0
244 0.025210299 0.041713256 0.001 5.612336 2.1217175 0
245 0.014770824 0.038080357 0.001 1.7565372 5.7371225 0
246 0.032659072 0.077383175 0.001 4.513137 3.9536815 0
247 0.09721519 0.012739721 0.001 -4.7469845 -3.6696234 0
248 0.09858697 0.004929267 0.001 3.0802767 -5.14897 0
249 0.0038205613 0.04656672 0.001 -2.2315962 -5.569558 0
