0 0.004396334 0.02706064 0.001 -9.971445 0.7551771 0
1 0.088088654 0.02010684 0.001 -1.7365079 9.848073 0
2 0.012258804 0.09000608 0.001 -9.350556 -3.5450113 0
3 0.08538774 0.0013212983 0.001 -8.923938 -4.512575 0
4 0.055655498 0.09890117 0.001 -4.222109 9.064977 0
5 0.030791689 0.06895265 0.001 -8.661956 4.9970503 0
6 0.064276524 0.021877594 0.001 -2.207621 -9.753277 0
7 0.023969213 0.078002624 0.001 6.1219673 -7.907055 0
8 0.061892025 0.0939703 0.001 -2.4203792 9.702668 0
9 0.027949257 0.028044341 0.001 0.21283874 9.997735 0
10 0.013780434 0.0109920455 0.001 1.1363263 9.935228 0
11 0.04973604 0.06780441 0.001 -7.215776 -6.923336 0
12 0.098198846 0.031119628 0.001 -9.5590315 -2.936822 0
13 0.08186343 0.040578697 0.001 3.213875 -9.469478 0
14 0.025492793 0.06430156 0.001 0.5334903 9.98576 0
15 0.00987403 0.046970397 0.001 6.102084 7.922409 0
16 0.062265918 0.05802873 0.001 8.944367 -4.4719453 0
17 0.013316597 0.05312212 0.001 -7.668763 6.4179487 0
18 0.09782327 0.038666658 0.001 -3.3373024 9.426686 0
19 0.091717415 0.051217213 0.001 -6.0535946 -7.9595222 0
20 0.0027744917 0.043840416 0.001 7.491739 6.6237335 0
21 0.030733088 0.0032016803 0.001 -5.2288766 -8.524016 0
22 0.08451847 0.028682679 0.001 9.540519 2.9964147 0
23 0.044545904 0.06079766 0.001 5.3375444 -8.456394 0
24 0.07682475 0.022581406 0.001 -8.998028 -4.3629675 0
25 0.08640753 0.0036676428 0.001 -7.141219 7.000213 0
26 0.014996659 0.07447847 0.001 9.480085 -3.1824484 0
27 0.08019943 0.032846138 0.001 -9.903449 1.386255 0
28 0.005254058 0.006109446 0.001 -8.022282 5.970175 0
29 0.011637873 0.02942956 0.001 -8.261646 -5.634289 0
30 0.017765589 0.006123517 0.001 9.383525 -3.4567978 0
31 0.022585642 0.0327987 0.001 -9.981078 -0.6148748 0
32 0.078277804 0.045371797 0.001 -6.1658287 -7.8729 0
33 0.045654416 0.06696933 0.001 -1.7011693 9.8542385 0
34 0.035923194 0.06339807 0.001 3.545356 -9.350425 0
35 0.029957691 0.013693556 0.001 3.2780619 9.44745 0
36 0.07887667 0.05571572 0.001 6.311011 -7.7570057 0
37 0.057676673 0.09813009 0.001 -7.4411488 6.680517 0
38 0.089967035 0.041106105 0.001 8.389887 -5.4414887 0
39 0.0859985 0.04183433 0.001 9.418313 3.3608606 0
40 0.030972289 0.032629736 0.001 -1.1881855 9.92916 0
41 0.044753578 0.03466364 0.001 9.950098 -0.997769 0
42 0.033510912 0.049718704 0.001 9.946582 1.0322386 0
43 0.08105892 0.0013251127 0.001 -1.9598646 -9.8060665 0
44 0.0343658 0.066748686 0.001 -9.99551 0.29961404 0
45 0.043452602 0.085404746 0.001 -8.604063 -5.096087 0
46 0.0076349536 0.0027677743 0.001 -8.314462 5.5560536 0
47 0.06774919 0.08575756 0.001 -6.865669 -7.270666 0
48 0.06557588 0.03249763 0.001 -4.277505 -9.038969 0
49 0.09490998 0.048654433 0.001 -8.593882 5.113239 0
50 0.027730362 0.053349644 0.001 -9.132877 4.0731506 0
51 0.06717432 0.021668512 0.001 9.97548 -0.6998492 0
52 0.06795691 0.08341572 0.001 1.4112496 -9.899918 0
53 0.013001374 0.06423281 0.001 -8.322526 -5.543967 0
54 0.07562827 0.007326979 0.001 7.3721695 -6.7565613 0
55 0.004188134 0.09182677 0.001 7.9589314 -6.054371 0
56 0.08412075 0.09124767 0.001 -9.999975 -0.022420745 0
57 0.05371835 0.009193342 0.001 -2.7728722 9.60787 0
58 0.03297017 0.07797805 0.001 1.8102206 -9.83479 0
59 0.015300258 0.0050369212 0.001 0.01611383 -9.999987 0
60 0.03909405 0.08070721 0.001 9.835139 1.8083217 0
61 0.052882712 0.08561261 0.001 -9.619979 -2.7305698 0
62 0.013031807 0.05017567 0.001 -7.8823404 -6.153755 0
63 0.091371536 0.001205104 0.001 -1.896817 -9.818457 0
64 0.012252858 0.01378562 0.001 -9.996912 0.24850206 0
65 0.09076772 0.09656949 0.001 -9.293834 3.6911583 0
66 0.08467562 0.039682887 0.001 1.1833404 -9.929739 0
67 0.0094281845 0.059646115 0.001 9.932332 -1.1613678 0
68 0.021570437 0.012548484 0.001 -1.8936965 -9.819058 0
69 0.0890723 0.052996166 0.001 -9.390369 3.4381626 0
70 0.028142363 0.004627776 0.001 -6.506855 7.5934734 0
71 0.00240033 0.094887204 0.001 -7.5740247 -6.5294833 0
72 0.076209724 0.03175114 0.001 -6.5474405 -7.558507 0
73 0.0628449 0.06055366 0.001 -8.156849 5.784965 0
74 0.037746005 0.018592974 0.001 -9.808732 1.9464797 0
75 0.045866348 0.029814083 0.001 3.1825862 -9.48004 0
76 0.008177425 0.07218054 0.001 4.184245 9.082516 0
77 0.032790296 0.06863879 0.001 -8.706552 4.9189386 0
78 0.022270365 0.020727778 0.001 1.8284144 9.831425 0
79 0.044093374 0.074430555 0.001 -0.8195767 -9.966358 0
80 0.086236514 0.06677036 0.001 7.67695 -6.4081535 0
81 0.031261086 0.08000075 0.001 7.5640936 -6.540985 0
82 0.09627248 0.011991246 0.001 8.414632 5.403146 0
83 0.010680941 0.057558287 0.001 -9.0110445 -4.3360205 0
84 0.06693493 0.015452481 0.001 -6.2360806 7.8173714 0
85 0.068593755 0.029767314 0.001 8.73743 -4.863879 0
86 0.004371281 0.010241655 0.001 9.999997 -0.007546385 0
87 0.06368852 0.0423867 0.001 4.2953105 -9.030521 0
88 0.013079629 0.043998387 0.001 -8.578185 -5.1395273 0
89 0.019706942 0.07835648 0.001 -3.8007479 -9.2495575 0
90 0.0054577193 0.043375082 0.001 -9.7664175 -2.1487439 0
91 0.028626312 0.044415135 0.001 9.9997015 -0.07725325 0
92 0.06314267 0.08591267 0.001 9.004961 4.348641 0
93 0.085555226 0.031728584 0.001 -9.306332 -3.6595347 0
94 0.07802485 0.00382399 0.001 -8.298393 -5.5800242 0
95 0.0141971605 0.087783806 0.001 4.855448 8.742118 0
96 0.0702201 0.09227633 0.001 3.6727514 9.301124 0
97 0.07823351 0.07193189 0.001 -9.884135 -1.517853 0
98 0.03159259 0.005423069 0.001 9.596559 2.8117704 0
99 0.04136998 0.01439835 0.001 -3.9698224 -9.178263 0
100 0.04656741 0.0062009487 0.001 5.9609413 -8.029145 0
101 0.09778516 0.04172964 0.001 -9.809397 -1.9431258 0
102 0.07050224 0.044596344 0.001 2.0068052 9.796568 0
103 0.037648235 0.084749006 0.001 -8.45892 -5.333543 0
104 0.084528446 0.07776123 0.001 -3.4604635 9.382174 0
105 0.020685393 0.05637835 0.001 1.6386364 9.86483 0
106 0.060980514 0.0624004 0.001 9.062787 -4.2268057 0
107 0.09226606 0.06553862 0.001 9.66165 2.5792482 0
108 0.01278804 0.076704465 0.001 -7.6882257 6.394622 0
109 0.02228686 0.017145721 0.001 5.9415627 8.043496 0
110 0.07092801 0.021510564 0.001 8.768536 -4.807575 0
111 0.09158542 0.0848666 0.001 7.9371176 6.08294 0
112 0.0022174695 0.021987906 0.001 2.8005772 9.599832 0
113 0.012111815 0.041022785 0.001 -8.987396 4.3848286 0
114 0.056202766 0.024262432 0.001 4.278889 9.038314 0
115 0.010539378 0.02347433 0.001 2.2824953 -9.736027 0
116 0.08936684 0.07896324 0.001 -3.187734 -9.47831 0
117 0.064986534 0.01895846 0.001 -9.643942 -2.6446917 0
118 0.0014705132 0.06429474 0.001 6.1936564 7.8510265 0
119 0.09135055 0.029641312 0.001 8.048744 -5.934452 0
120 0.030702908 0.095747694 0.001 -7.2328925 -6.905452 0
121 0.014578793 0.0015631672 0.001 2.4726226 -9.689486 0
122 0.089829825 0.0046468945 0.001 -8.35533 5.494402 0
123 0.06884058 0.036543507 0.001 9.65934 2.5878844 0
124 0.08186525 0.0712406 0.001 9.255577 3.7860658 0
125 0.01815526 0.07306114 0.001 7.0492897 -7.0927787 0
126 0.024269033 0.07188036 0.001 -3.9201612 -9.199583 0
127 0.08318959 0.030575234 0.001 5.7759 -8.16327 0
128 0.037293177 0.012787999 0.001 -6.582547 7.527952 0
129 0.025247594 0.08875792 0.001 3.8000762 9.249834 0
130 0.006277989 0.018838167 0.001 -8.7763195 -4.793351 0
131 0.004139914 0.0521103 0.001 9.357107 3.5276818 0
132 0.04611718 0.056884535 0.001 -7.706981 -6.372004 0
133 0.028178772 0.063244246 0.001 9.76487 2.1557658 0
134 0.045489226 0.012649397 0.001 8.478821 -5.301848 0
135 0.035585072 0.014582526 0.001 -7.4248743 -6.6986 0
136 0.018897735 0.097839974 0.001 -9.994917 0.3188071 0
137 0.07160072 0.0732379 0.001 -8.114439 -5.844304 0
138 0.09435212 0.038197644 0.001 -6.0835915 -7.9366183 0
139 0.07149968 0.010831604 0.001 -9.002677 4.3533673 0
140 0.08809276 0.073686585 0.001 -5.1219325 -8.588702 0
141 0.013579874 0.08425234 0.001 0.071155734 9.999746 0
142 0.052993357 0.06203946 0.001 7.2807198 -6.8550067 0
143 0.029186558 0.09205595 0.001 -6.774197 -7.355967 0
144 0.075461 0.03528339 0.001 3.3197963 -9.432865 0
145 0.012435905 0.007000284 0.001 0.79810673 -9.968101 0
146 0.043553703 0.027045768 0.001 9.902442 -1.3934293 0
147 0.036298793 0.077163815 0.001 -9.8766985 1.5655134 0
148 0.057483688 0.027411137 0.001 -9.995053 -0.31450316 0
149 0.05965757 0.010270586 0.001 -3.4871268 -9.372297 0
150 0.07095525 0.055126052 0.001 5.7045574 -8.213284 0
151 0.021472415 0.08782626 0.001 -3.370168 -9.414987 0
152 0.057276364 0.056324884 0.001 -9.052679 4.2484126 0
153 0.024568496 0.09279409 0.001 -7.3968835 6.729496 0
154 0.07093802 0.09736744 0.001 9.267285 -3.757316 0
155 0.010932261 0.03503943 0.001 0.7412852 9.972487 0
156 0.009845004 0.09577439 0.001 9.935513 -1.1338372 0
157 0.01769203 0.05691838 0.001 -9.586794 -2.8448877 0
158 0.08789458 0.08630256 0.001 9.431926 3.322464 0
159 0.070956096 0.07890725 0.001 6.3023496 -7.7640443 0
160 0.06079977 0.07584661 0.001 5.724183 8.199617 0
161 0.06661456 0.030579336 0.001 -9.321987 -3.6194694 0
162 0.061619572 0.054577693 0.001 -5.4528623 8.3825 0
163 0.025721958 0.06113021 0.001 6.156106 7.8805046 0
164 0.03267495 0.06382327 0.001 9.45278 -3.2626595 0
165 0.009924036 0.019816687 0.001 -5.2834873 -8.490274 0
166 0.055301722 0.08082475 0.001 4.957048 -8.684911 0
167 0.013121002 0.07006006 0.001 -5.625826 8.26741 0
168 0.060670227 0.068275906 0.001 9.820963 1.8837975 0
169 0.09768539 0.09896543 0.001 9.719402 -2.3522778 0
170 0.018713491 0.011611575 0.001 4.6158814 -8.870944 0
171 0.034597293 0.0012469683 0.001 4.9533267 8.687034 0
172 0.019729747 0.045894492 0.001 -9.743127 -2.2519927 0
173 0.06943654 0.07102034 0.001 9.968355 0.79492724 0
174 0.05269261 0.0062210956 0.001 -9.990086 -0.44517094 0
175 0.032721918 0.017082127 0.001 -9.078275 4.19344 0
176 0.08999659 0.067503825 0.001 1.6741993 -9.858857 0
177 0.0924978 0.07852468 0.001 -7.9634714 -6.0483985 0
178 0.08573533 0.01028835 0.001 9.772567 -2.120597 0
179 0.068238504 0.09658455 0.001 -7.8968644 6.1351066 0
180 0.08808082 0.035804927 0.001 -9.205962 3.905157 0
181 0.032242976 0.025722787 0.001 -7.557783 6.548276 0
182 0.0965448 0.078125365 0.001 9.166791 3.9962413 0
183 0.062037744 0.040202446 0.001 -7.6337347 6.4595737 0
184 0.08024178 0.06562909 0.001 -5.861392 8.102104 0
185 0.06321178 0.07007075 0.001 7.36599 6.7632966 0
186 0.074467555 0.021937555 0.001 -9.443999 3.2879896 0
187 0.032132894 0.092408784 0.001 -9.738418 2.272272 0
188 0.07417182 0.032799676 0.001 9.259743 3.7758656 0
189 0.07759091 0.08830288 0.001 -9.930435 -1.1774768 0
190 0.025696471 0.05745955 0.001 -0.9411129 -9.955617 0
191 0.039365716 0.087243564 0.001 9.995353 -0.3048393 0
192 0.05829703 0.024927342 0.001 -3.1135836 -9.502926 0
193 0.06514256 0.086218186 0.001 8.673445 4.9770827 0
194 0.018648302 0.031101871 0.001 -0.7864959 -9.969024 0
195 0.036348548 0.04179788 0.001 3.3339858 -9.42786 0
196 0.04821448 0.01612995 0.001 -5.985853 8.010591 0
197 0.007208501 0.04843395 0.001 -5.007157 -8.656118 0
198 0.050591365 0.08779552 0.001 -8.492179 -5.280426 0
199 0.08827696 0.06463474 0.001 5.6319494 -8.263241 0
200 0.04117945 0.022156887 0.001 -9.254276 -3.7892437 0
201 0.017576788 0.06841459 0.001 -8.387347 -5.445403 0
202 0.058605712 0.08919206 0.001 -6.6874456 7.4349217 0
203 0.041998055 0.0971924 0.001 8.604716 5.094983 0
204 0.076526284 0.06551066 0.001 9.339141 3.574975 0
205 0.025825085 0.0067858687 0.001 9.075369 -4.1997237 0
206 0.060401518 0.05179854 0.001 6.80517 7.3273225 0
207 0.0053871335 0.05368644 0.001 5.864417 -8.099915 0
208 0.0075026844 0.08705314 0.001 -5.455056 8.381071 0
209 0.06292531 0.06645752 0.001 6.185341 7.8575797 0
210 0.014358479 0.023941198 0.001 7.56514 6.539775 0
211 0.06282144 0.07310761 0.001 4.285859 -9.03501 0
212 0.0061641023 0.03705578 0.001 -9.716955 -2.3623664 0
213 0.018548908 0.041537583 0.001 2.009689 9.795977 0
214 0.05860384 0.01625018 0.001 -5.6149445 8.274805 0
215 0.033629615 0.080367714 0.001 -1.0800929 9.941499 0
216 0.07722322 0.049719725 0.001 8.693737 -4.9415517 0
217 0.048598796 0.08019022 0.001 5.1420264 8.576687 0
218 0.02726899 0.0857283 0.001 -3.9868097 -9.170897 0
219 0.06602277 0.0023644648 0.001 -9.111765 -4.120164 0
220 0.09766361 0.07335479 0.001 9.853557 -1.7051172 0
221 0.05127114 0.041769188 0.001 -9.0986595 4.1490235 0
222 0.081590176 0.08284046 0.001 9.056401 -4.240472 0
223 0.0807016 0.022049729 0.001 -6.474602 -7.6209927 0
224 0.020318668 0.049138077 0.001 -0.07608428 -9.99971 0
225 0.07887738 0.034690596 0.001 -3.0740705 9.515781 0
226 0.0796111 0.012156576 0.001 2.8696747 -9.579403 0
227 0.053438228 0.09341133 0.001 9.564748 2.9181495 0
228 0.007268415 0.03320104 0.001 9.517394 -3.0690742 0
229 0.0967291 0.08889938 0.001 -2.6904895 9.631265 0
230 0.056196123 0.06664847 0.001 -9.596142 2.8131928 0
231 0.053419292 0.02380363 0.001 9.954065 0.95738137 0
232 0.011803876 0.060275644 0.001 9.693767 2.4557886 0
233 0.06968256 0.0034198626 0.001 6.676257 -7.4449706 0
234 0.03935053 0.078031205 0.001 -7.3880076 -6.739239 0
235 0.045311466 0.08872271 0.001 9.508191 -3.0974686 0
236 0.038866837 0.04250276 0.001 9.421909 3.3507643 0
237 0.07143163 0.00599029 0.001 4.1305723 9.107051 0
238 0.08140448 0.07351515 0.001 -6.108444 7.917506 0
239 0.018304095 0.034251217 0.001 -9.988975 0.46945488 0
240 0.046929516 0.074881 0.001 -8.30595 -5.568769 0
241 0.09798096 0.04418148 0.001 -2.8623624 9.581591 0
242 0.06522897 0.016665366 0.001 6.5242243 7.5785546 0
243 0.08521515 0.02459813 0.001 1.1042457 -9.938845 0
244 0.09519519 0.035371486 0.001 4.2386746 9.057242 0
245 0.0558856 0.02174498 0.001 7.234719 -6.9035387 0
246 0.085157305 0.008100058 0.001 -4.564721 8.897377 0
247 0.06382427 0.0901485 0.001 5.9417014 8.043394 0
248 0.06278517 0.08038024 0.001 -4.003266 -9.163725 0
249 0.032718446 0.05268123 0.001 9.873046 -1.5883863 0
