0 0.02438331 0.0046549556 0.001 -9.441636 -3.2947702 0
1 0.037367992 0.047273483 0.001 4.7095394 -8.821578 0
2 0.029799767 0.07910014 0.001 6.1783104 7.8631086 0
3 0.08547384 0.032145042 0.001 8.942879 -4.474922 0
4 0.09398726 0.049586013 0.001 2.7608442 9.611334 0
5 0.06527462 0.01793981 0.001 9.763128 -2.163635 0
6 0.020420019 0.017900225 0.001 5.742649 8.186695 0
7 0.015195869 0.01878154 0.001 6.122887 -7.9063425 0
8 0.052660722 0.07722428 0.001 0.019997664 -9.99998 0
9 0.09001785 0.07396154 0.001 -3.5670016 -9.34219 0
10 0.056295216 0.055025127 0.001 6.9524307 -7.1877475 0
11 0.034111623 0.08417954 0.001 -8.711744 -4.9097357 0
12 0.0036041718 0.098397724 0.001 -0.25545505 9.996737 0
13 0.020954955 0.050809734 0.001 1.3687301 9.905886 0
14 0.008852564 0.034253493 0.001 4.978662 8.672539 0
15 0.047837194 0.012864957 0.001 -3.687766 9.29518 0
16 0.07435625 0.02769164 0.001 -9.332207 -3.5930376 0
17 0.019723922 0.097520106 0.001 -9.453257 -3.2612805 0
18 0.078661226 0.06151873 0.001 8.471767 5.3131113 0
19 0.08405116 0.034643088 0.001 -8.415466 -5.4018445 0
20 0.038195003 0.040580455 0.001 -5.7768974 -8.162564 0
21 0.017656902 0.001478983 0.001 -5.503977 -8.349026 0
22 0.026899852 0.06758474 0.001 -6.465118 7.62904 0
23 0.0652046 0.03431075 0.001 -0.47798145 -9.98857 0
24 0.08942321 0.028006127 0.001 -1.7687457 -9.842334 0
25 0.052602176 0.057940252 0.001 -3.4918995 -9.37052 0
26 0.041961044 0.09351487 0.001 2.7865524 -9.603912 0
27 0.06396906 0.09454248 0.001 -9.947676 1.0216405 0
28 0.060718104 0.0014688717 0.001 9.971779 0.7507486 0
29 0.054119278 0.021990376 0.001 7.5342417 -6.5753484 0
30 0.054613777 0.059895724 0.001 -7.4283533 -6.6947417 0
31 0.010627476 0.09030331 0.001 -2.411951 -9.704766 0
32 0.06393974 0.07774422 0.001 -9.999031 0.13919392 0
33 0.057033222 0.007929114 0.001 -9.99729 -0.23279935 0
34 0.08820036 0.09486647 0.001 -9.606071 -2.779099 0
35 0.008028876 0.002688964 0.001 -5.987282 -8.009522 0
36 0.027255632 0.0545246 0.001 -9.96749 -0.80569565 0
37 0.092680514 0.016422544 0.001 -5.6406713 8.25729 0
38 0.027100552 0.024910718 0.001 5.03635 -8.639166 0
39 0.050588217 0.08928796 0.001 9.035183 -4.285495 0
40 0.03873033 0.060397513 0.001 -9.482164 3.1762486 0
41 0.057105877 0.07805308 0.001 -6.3820963 -7.698626 0
42 0.07386616 0.04752772 0.001 7.754883 -6.31362 0
43 0.034887325 0.08807944 0.001 -9.502123 -3.1160316 0
44 0.03462306 0.051474437 0.001 -7.724108 -6.351232 0
45 0.095401034 0.035822865 0.001 3.1907988 -9.477279 0
46 0.026404059 0.098408826 0.001 -9.935402 1.1348069 0
47 0.06400763 0.0894775 0.001 5.6304913 -8.264235 0
48 0.06714619 0.030930167 0.001 9.532253 -3.022606 0
49 0.021367108 0.07222237 0.001 -5.494098 8.355531 0
50 0.0862241 0.02903597 0.001 -6.778724 7.351796 0
51 0.0038305614 0.0022088245 0.001 -1.531999 -9.881952 0
52 0.09076455 0.046027754 0.001 4.7337265 8.808623 0
53 0.02876136 0.04561941 0.001 -5.117523 8.591331 0
54 0.066902906 0.08566726 0.001 8.006047 5.991929 0
55 0.07454652 0.050127942 0.001 -9.233756 3.8389783 0
56 0.096142 0.019016933 0.001 1.5272048 -9.882694 0
57 0.09468147 0.03007735 0.001 0.24805176 9.996923 0
58 0.059969593 0.07020234 0.001 -9.614669 -2.749207 0
59 0.03400719 0.045912832 0.001 9.506864 -3.1015387 0
60 0.04179596 0.06527984 0.001 -8.118171 -5.839118 0
61 0.0348748 0.0776194 0.001 7.1060653 -7.0358963 0
62 0.07588092 0.032147955 0.001 9.380129 -3.4660034 0
63 0.037252348 0.0833747 0.001 -5.729339 -8.196016 0
64 0.096774474 0.07585999 0.001 7.1983013 6.941502 0
65 0.010449451 0.09843858 0.001 7.685505 -6.397891 0
66 0.07768939 0.041964553 0.001 9.305407 3.6618874 0
67 0.08625597 0.09293768 0.001 -0.052826796 9.999861 0
68 0.098434195 0.029310865 0.001 9.1101055 4.1238313 0
69 0.01140747 0.023352878 0.001 -9.807129 -1.9545376 0
70 0.009134223 0.09176214 0.001 -9.835172 -1.8081462 0
71 0.041269045 0.036064893 0.001 -9.362267 -3.5139682 0
72 0.037542075 0.016414266 0.001 9.963016 -0.8592611 0
73 0.049172703 0.007316348 0.001 -7.6335907 -6.4597445 0
74 0.008860601 0.046994817 0.001 1.7029463 -9.853931 0
75 0.015678952 0.04456595 0.001 -3.4553227 9.3840685 0
76 0.052596215 0.08428325 0.001 -9.809203 1.9441037 0
77 0.047645226 0.09164792 0.001 0.7708389 9.970246 0
78 0.030330129 0.0927376 0.001 7.6776004 6.407375 0
79 0.09303969 0.063170366 0.001 6.047254 7.96434 0
80 0.071410656 0.024986053 0.001 8.27631 5.612726 0
81 0.07556235 0.09643057 0.001 -3.0037293 -9.5382185 0
82 0.016568493 0.069551915 0.001 6.514862 7.586605 0
83 0.03961677 0.05704699 0.001 -9.024841 -4.3072314 0
84 0.012667172 0.063703164 0.001 -2.3990703 -9.707958 0
85 0.03555071 0.060064226 0.001 7.2329865 -6.905353 0
86 0.004665575 0.08772424 0.001 8.8212185 -4.7102127 0
87 0.044717807 0.07194554 0.001 -1.6156058 9.868628 0
88 0.032999612 0.060088806 0.001 -9.561295 -2.9294462 0
89 0.035995163 0.03607929 0.001 1.8332155 9.83053 0
90 0.05976728 0.08347662 0.001 -8.106439 -5.855396 0
91 0.095573805 0.09563594 0.001 -0.5222501 9.986354 0
92 0.054621927 0.09802101 0.001 5.2759337 8.49497 0
93 0.075932845 0.016939484 0.001 -7.8605127 -6.181613 0
94 0.09428116 0.042721316 0.001 -0.8933095 9.96002 0
95 0.05376614 0.08800204 0.001 8.640784 5.0335712 0
96 0.0010433596 0.060397077 0.001 -8.459212 -5.3330793 0
97 0.076795995 0.04788123 0.001 -7.473179 6.6446667 0
98 0.07589167 0.021312773 0.001 -9.220879 3.8698041 0
99 0.036821008 0.024659561 0.001 8.907492 4.544952 0
100 0.07932862 0.05784638 0.001 -9.921238 1.2526138 0
101 0.060764484 0.030503433 0.001 9.425641 -3.3402543 0
102 0.081890196 0.015831945 0.001 9.581255 -2.863487 0
103 0.07302852 0.082356356 0.001 8.924025 4.5124035 0
104 0.011512525 0.00627414 0.001 4.6249094 8.86624 0
105 0.020010523 0.042299654 0.001 -4.505598 -8.927463 0
106 0.050459865 0.030192211 0.001 3.6472564 -9.311151 0
107 0.011121885 0.030312395 0.001 9.998587 0.16814111 0
108 0.032128364 0.063844696 0.001 4.3602934 8.999325 0
109 0.0755016 0.06503003 0.001 8.577206 5.141162 0
110 0.012467646 0.080367245 0.001 -9.095876 -4.1551223 0
111 0.05919362 0.08135748 0.001 5.6935782 -8.220899 0
112 0.07673976 0.009700357 0.001 7.2279835 -6.9105906 0
113 0.091026925 0.06947904 0.001 8.006825 5.9908886 0
114 0.03368614 0.06996762 0.001 -9.726146 2.3242388 0
115 0.08454922 0.06340981 0.001 7.269022 -6.8674097 0
116 0.059985124 0.067850575 0.001 4.1630325 9.092258 0
117 0.06621548 0.028887024 0.001 9.964086 0.8467639 0
118 0.0070179654 0.07993621 0.001 0.5947966 9.982295 0
119 0.07220226 0.04566171 0.001 -2.0669005 9.784065 0
120 0.090614654 0.030062431 0.001 -9.238069 3.8285894 0
121 0.03792265 0.095520265 0.001 9.371678 -3.4887886 0
122 0.06342158 0.09771354 0.001 -0.9678433 -9.953053 0
123 0.0061486755 0.018338377 0.001 6.6890097 -7.433515 0
124 0.0046444996 0.02535702 0.001 -9.238271 3.8281002 0
125 0.07952565 0.091523945 0.001 -9.078934 -4.192011 0
126 0.004916591 0.07874543 0.001 8.981017 4.397877 0
127 0.05277039 0.032848213 0.001 -3.11869 -9.501251 0
128 0.093694806 0.045153487 0.001 -7.7294264 -6.344759 0
129 0.022753922 0.054426398 0.001 -7.8434873 6.2032022 0
130 0.0746679 0.054760497 0.001 -2.2308147 9.747998 0
131 0.0028250478 0.069232866 0.001 -4.4290986 -8.965662 0
132 0.008897786 0.005656573 0.001 5.077064 -8.615302 0
133 0.0867835 0.08178292 0.001 1.9815497 -9.801707 0
134 0.05552845 0.066082485 0.001 -9.373289 3.48446 0
135 0.04006528 0.071579754 0.001 -9.933926 -1.1476587 0
136 0.072459385 0.058892418 0.001 -9.604872 2.7832446 0
137 0.08092151 0.08190153 0.001 -8.217368 -5.698672 0
138 0.08609099 0.07750451 0.001 -7.4789867 6.6381288 0
139 0.0027945153 0.028457282 0.001 2.0110533 -9.795696 0
140 0.03478023 0.013127749 0.001 -0.4165666 9.99132 0
141 0.043605845 0.043373983 0.001 9.844654 1.7557861 0
142 0.019076658 0.024556346 0.001 1.8681078 -9.823959 0
143 0.023824204 0.04501012 0.001 -9.558237 2.9394064 0
144 0.0053962516 0.08283807 0.001 9.936949 -1.1211821 0
145 0.031037968 0.088530734 0.001 8.360773 -5.486116 0
146 0.025536684 0.027423153 0.001 -2.7855098 9.604215 0
147 0.05697676 0.075660735 0.001 9.0589485 4.2350283 0
148 0.06099612 0.021129873 0.001 -1.2332609 -9.923662 0
149 0.08169757 0.052180756 0.001 3.1765914 -9.48205 0
150 0.02039368 0.06749708 0.001 -7.2989473 6.835595 0
151 0.049921326 0.05904391 0.001 7.264081 6.872636 0
152 0.0029108091 0.06291327 0.001 -9.955308 -0.94437313 0
153 0.08649973 0.006110211 0.001 -9.817573 -1.9013852 0
154 0.056274824 0.044989776 0.001 -9.670307 2.546598 0
155 0.025593946 0.09183863 0.001 -5.664233 8.241144 0
156 0.03729736 0.02029473 0.001 -9.281524 -3.722004 0
157 0.06755757 0.051469043 0.001 7.4804277 -6.636505 0
158 0.0704742 0.051340643 0.001 8.352421 5.4988246 0
159 0.01100936 0.033610806 0.001 1.1400976 -9.934796 0
160 0.098661765 0.09699452 0.001 -8.626978 -5.057199 0
161 0.08497459 0.065738216 0.001 -7.869874 -6.1696906 0
162 0.0019506819 0.047279198 0.001 6.1003475 -7.9237466 0
163 0.09256214 0.03122272 0.001 4.6361055 8.860391 0
164 0.020036956 0.08594339 0.001 -9.643026 2.6480258 0
165 0.08057278 0.07281549 0.001 -7.915512 6.111028 0
166 0.07625897 0.0023507262 0.001 -9.957582 -0.92007965 0
167 0.083980165 0.09697099 0.001 -2.2693028 9.73911 0
168 0.0951413 0.007392343 0.001 0.71257144 -9.97458 0
169 0.046054266 0.060116805 0.001 -1.5325642 9.881865 0
170 0.035107825 0.02116655 0.001 -2.4520907 -9.694702 0
171 0.08681695 0.09784059 0.001 9.234784 3.836503 0
172 0.09183754 0.040101893 0.001 -4.379508 -8.98999 0
173 0.04638516 0.078538485 0.001 -7.1784096 -6.962071 0
174 0.018578885 0.048289232 0.001 0.85878944 -9.963056 0
175 0.033738542 0.0036515505 0.001 -6.696729 7.426562 0
176 0.08781291 0.06749934 0.001 -3.304739 9.438151 0
177 0.041121595 0.07858373 0.001 -0.27272505 -9.99628 0
178 0.028621119 0.060960136 0.001 -7.0850058 -7.057102 0
179 0.083997205 0.0686691 0.001 -5.5745926 8.302043 0
180 0.048371635 0.06961644 0.001 3.0921116 9.509934 0
181 0.0011372988 0.08469649 0.001 5.449086 8.384954 0
182 0.06164122 0.032921877 0.001 -5.498348 -8.352734 0
183 0.09614024 0.08364798 0.001 3.6837564 9.296771 0
184 0.019565513 0.010561265 0.001 9.295841 3.6861017 0
185 0.09371885 0.09303023 0.001 -6.5035324 -7.596319 0
186 0.030472482 0.041403327 0.001 -3.9163227 -9.201219 0
187 0.043507747 0.031443454 0.001 -8.645624 -5.0252542 0
188 0.07087664 0.06753546 0.001 -7.1522994 6.9888926 0
189 0.057376947 0.0854176 0.001 -9.684163 2.4933884 0
190 0.0024898122 0.023039384 0.001 4.1740646 -9.087199 0
191 0.09705477 0.069675975 0.001 -9.017912 4.3217196 0
192 0.04898173 0.02760915 0.001 -4.2531567 -9.050451 0
193 0.052447416 0.002459064 0.001 -9.193135 3.9352586 0
194 0.032555424 0.034468442 0.001 6.4779973 7.618107 0
195 0.0077864467 0.071130335 0.001 -9.488522 3.157207 0
196 0.003762587 0.06573735 0.001 -8.655848 5.0076246 0
197 0.028402539 0.08834579 0.001 -6.5093207 7.5913596 0
198 0.015069657 0.053936392 0.001 2.221674 9.750086 0
199 0.0971695 0.07798119 0.001 2.4316726 9.699843 0
200 0.014040936 0.033823088 0.001 7.90384 -6.1261177 0
201 0.0401218 0.03216095 0.001 8.127938 5.8255153 0
202 0.009574911 0.085395545 0.001 6.7581363 -7.3707256 0
203 0.020368746 0.06397199 0.001 9.553956 -2.9532886 0
204 0.0010906446 0.004565251 0.001 3.3970258 9.405329 0
205 0.020405667 0.02217992 0.001 -9.90274 -1.3913121 0
206 0.05233612 0.0911993 0.001 -5.897352 8.075967 0
207 0.05957257 0.02353141 0.001 -8.703945 4.9235506 0
208 0.03865459 0.08848116 0.001 7.8336782 -6.2155843 0
209 0.058744576 0.010513624 0.001 8.335901 5.523834 0
210 0.06266396 0.024622044 0.001 9.823376 1.8711728 0
211 0.014045363 0.035830535 0.001 3.8074117 9.246817 0
212 0.012458528 0.048176263 0.001 -4.703276 8.824919 0
213 0.052167356 0.0044421293 0.001 -4.363698 -8.997674 0
214 0.033886675 0.022948254 0.001 6.5298967 7.5736685 0
215 0.07654291 0.07610648 0.001 -9.862247 -1.6541066 0
216 0.081404276 0.04279184 0.001 -7.6945214 6.387045 0
217 0.017473469 0.039308336 0.001 3.2572496 9.454645 0
218 0.090985425 0.02444062 0.001 -6.6865134 -7.4357605 0
219 0.028529568 0.010328339 0.001 -8.993457 -4.372383 0
220 0.09715289 0.024847995 0.001 9.998273 0.18581587 0
221 0.018738128 0.09395253 0.001 -5.9693856 8.02287 0
222 0.070461944 0.07341588 0.001 7.0099144 7.1316967 0
223 0.07730251 0.05817871 0.001 7.0125103 7.129144 0
224 0.028909612 0.098932825 0.001 -2.0673742 -9.783965 0
225 0.05839628 0.0034184377 0.001 2.6813025 9.633826 0
226 0.043587733 0.048269693 0.001 -6.8125825 -7.3204317 0
227 0.013962657 0.051328957 0.001 -8.429766 -5.3795023 0
228 0.053958945 0.025749037 0.001 2.879026 -9.576597 0
229 0.028925017 0.06958927 0.001 5.99547 8.003396 0
230 0.067898914 0.053843115 0.001 -7.97014 6.039608 0
231 0.0274492 0.051348418 0.001 -6.899914 -7.2381763 0
232 0.007340893 0.031664103 0.001 7.8874025 6.147266 0
233 0.073210806 0.010329139 0.001 -8.76302 -4.817622 0
234 0.061455157 0.051106073 0.001 -0.12716252 9.999191 0
235 0.09350659 0.060197543 0.001 -9.61394 -2.751756 0
236 0.096445926 0.06188072 0.001 -8.705261 -4.9212217 0
237 0.08542581 0.051035468 0.001 -9.112961 -4.117518 0
238 0.017233072 0.021492573 0.001 -7.534642 6.5748887 0
239 0.012597824 0.07287871 0.001 -9.3317375 3.5942574 0
240 0.05881893 0.040459532 0.001 -8.933431 -4.4937525 0
241 0.048540153 0.01990214 0.001 -1.7030019 9.853922 0
242 0.050659068 0.09784247 0.001 -9.754424 -2.202546 0
243 0.021135526 0.026219567 0.001 -3.0287428 9.530305 0
244 0.025210299 0.041713256 0.001 9.353893 3.5361958 0
245 0.014770824 0.038080357 0.001 2.927562 9.561872 0
246 0.032659072 0.077383175 0.001 7.5218945 6.5894694 0
247 0.09721519 0.012739721 0.001 -7.911641 -6.1160393 0
248 0.09858697 0.004929267 0.001 5.133795 -8.581617 0
249 0.0038205613 0.04656672 0.001 -3.7193272 -9.282597 0
