0 0.004396334 0.02706064 0.001 -2.9914334 0.22655311 0
1 0.088088654 0.02010684 0.001 -0.52095234 2.954422 0
2 0.012258804 0.09000608 0.001 -2.8051667 -1.0635034 0
3 0.08538774 0.0013212983 0.001 -2.6771812 -1.3537725 0
4 0.055655498 0.09890117 0.001 -1.2666326 2.719493 0
5 0.030791689 0.06895265 0.001 -2.5985868 1.4991151 0
6 0.064276524 0.021877594 0.001 -0.6622863 -2.925983 0
7 0.023969213 0.078002624 0.001 1.8365903 -2.3721166 0
8 0.061892025 0.0939703 0.001 -0.72611374 2.9108005 0
9 0.027949257 0.028044341 0.001 0.063851625 2.9993205 0
10 0.013780434 0.0109920455 0.001 0.3408979 2.9805684 0
11 0.04973604 0.06780441 0.001 -2.1647327 -2.0770006 0
12 0.098198846 0.031119628 0.001 -2.8677094 -0.88104653 0
13 0.08186343 0.040578697 0.001 0.96416247 -2.8408432 0
14 0.025492793 0.06430156 0.001 0.16004708 2.9957278 0
15 0.00987403 0.046970397 0.001 1.8306252 2.3767228 0
16 0.062265918 0.05802873 0.001 2.68331 -1.3415836 0
17 0.013316597 0.05312212 0.001 -2.3006291 1.9253845 0
18 0.09782327 0.038666658 0.001 -1.0011908 2.8280058 0
19 0.091717415 0.051217213 0.001 -1.8160783 -2.3878565 0
20 0.0027744917 0.043840416 0.001 2.2475216 1.9871202 0
21 0.030733088 0.0032016803 0.001 -1.5686629 -2.5572047 0
22 0.08451847 0.028682679 0.001 2.8621554 0.89892435 0
23 0.044545904 0.06079766 0.001 1.6012634 -2.5369184 0
24 0.07682475 0.022581406 0.001 -2.6994085 -1.3088903 0
25 0.08640753 0.0036676428 0.001 -2.142366 2.100064 0
26 0.014996659 0.07447847 0.001 2.8440256 -0.95473456 0
27 0.08019943 0.032846138 0.001 -2.9710345 0.4158765 0
28 0.005254058 0.006109446 0.001 -2.4066846 1.7910523 0
29 0.011637873 0.02942956 0.001 -2.4784937 -1.6902866 0
30 0.017765589 0.006123517 0.001 2.8150575 -1.0370394 0
31 0.022585642 0.0327987 0.001 -2.9943235 -0.18446243 0
32 0.078277804 0.045371797 0.001 -1.8497486 -2.3618698 0
33 0.045654416 0.06696933 0.001 -0.5103508 2.9562716 0
34 0.035923194 0.06339807 0.001 1.0636069 -2.8051276 0
35 0.029957691 0.013693556 0.001 0.9834185 2.834235 0
36 0.07887667 0.05571572 0.001 1.8933032 -2.3271017 0
37 0.057676673 0.09813009 0.001 -2.2323446 2.0041552 0
38 0.089967035 0.041106105 0.001 2.516966 -1.6324465 0
39 0.0859985 0.04183433 0.001 2.8254938 1.0082582 0
40 0.030972289 0.032629736 0.001 -0.35645565 2.9787478 0
41 0.044753578 0.03466364 0.001 2.9850295 -0.2993307 0
42 0.033510912 0.049718704 0.001 2.9839745 0.30967158 0
43 0.08105892 0.0013251127 0.001 -0.5879594 -2.94182 0
44 0.0343658 0.066748686 0.001 -2.9986532 0.089884214 0
45 0.043452602 0.085404746 0.001 -2.5812187 -1.528826 0
46 0.0076349536 0.0027677743 0.001 -2.4943385 1.666816 0
47 0.06774919 0.08575756 0.001 -2.0597007 -2.1812 0
48 0.06557588 0.03249763 0.001 -1.2832515 -2.7116907 0
49 0.09490998 0.048654433 0.001 -2.5781643 1.5339715 0
50 0.027730362 0.053349644 0.001 -2.7398632 1.2219453 0
51 0.06717432 0.021668512 0.001 2.992644 -0.20995477 0
52 0.06795691 0.08341572 0.001 0.4233749 -2.9699755 0
53 0.013001374 0.06423281 0.001 -2.4967577 -1.6631901 0
54 0.07562827 0.007326979 0.001 2.2116508 -2.0269685 0
55 0.004188134 0.09182677 0.001 2.3876793 -1.8163114 0
56 0.08412075 0.09124767 0.001 -2.9999924 -0.006726224 0
57 0.05371835 0.009193342 0.001 -0.8318616 2.8823612 0
58 0.03297017 0.07797805 0.001 0.5430662 -2.950437 0
59 0.015300258 0.0050369212 0.001 0.004834149 -2.9999962 0
60 0.03909405 0.08070721 0.001 2.950542 0.54249656 0
61 0.052882712 0.08561261 0.001 -2.8859935 -0.81917095 0
62 0.013031807 0.05017567 0.001 -2.3647022 -1.8461266 0
63 0.091371536 0.001205104 0.001 -0.56904507 -2.9455369 0
64 0.012252858 0.01378562 0.001 -2.9990735 0.07455062 0
65 0.09076772 0.09656949 0.001 -2.7881503 1.1073475 0
66 0.08467562 0.039682887 0.001 0.3550021 -2.9789217 0
67 0.0094281845 0.059646115 0.001 2.9796996 -0.34841034 0
68 0.021570437 0.012548484 0.001 -0.5681089 -2.9457176 0
69 0.0890723 0.052996166 0.001 -2.817111 1.0314487 0
70 0.028142363 0.004627776 0.001 -1.9520564 2.2780418 0
71 0.00240033 0.094887204 0.001 -2.2722075 -1.9588449 0
72 0.076209724 0.03175114 0.001 -1.9642321 -2.267552 0
73 0.0628449 0.06055366 0.001 -2.4470546 1.7354896 0
74 0.037746005 0.018592974 0.001 -2.9426196 0.5839439 0
75 0.045866348 0.029814083 0.001 0.9547758 -2.8440118 0
76 0.008177425 0.07218054 0.001 1.2552736 2.7247548 0
77 0.032790296 0.06863879 0.001 -2.6119657 1.4756815 0
78 0.022270365 0.020727778 0.001 0.5485244 2.9494274 0
79 0.044093374 0.074430555 0.001 -0.245873 -2.9899073 0
80 0.086236514 0.06677036 0.001 2.303085 -1.9224461 0
81 0.031261086 0.08000075 0.001 2.269228 -1.9622955 0
82 0.09627248 0.011991246 0.001 2.5243895 1.6209437 0
83 0.010680941 0.057558287 0.001 -2.7033134 -1.300806 0
84 0.06693493 0.015452481 0.001 -1.8708241 2.3452115 0
85 0.068593755 0.029767314 0.001 2.621229 -1.4591637 0
86 0.004371281 0.010241655 0.001 2.999999 -0.0022639153 0
87 0.06368852 0.0423867 0.001 1.2885932 -2.7091563 0
88 0.013079629 0.043998387 0.001 -2.5734556 -1.5418582 0
89 0.019706942 0.07835648 0.001 -1.1402245 -2.774867 0
90 0.0054577193 0.043375082 0.001 -2.9299252 -0.64462316 0
91 0.028626312 0.044415135 0.001 2.9999104 -0.023175975 0
92 0.06314267 0.08591267 0.001 2.7014883 1.3045924 0
93 0.085555226 0.031728584 0.001 -2.7918994 -1.0978605 0
94 0.07802485 0.00382399 0.001 -2.4895182 -1.6740072 0
95 0.0141971605 0.087783806 0.001 1.4566344 2.6226354 0
96 0.0702201 0.09227633 0.001 1.1018255 2.790337 0
97 0.07823351 0.07193189 0.001 -2.9652405 -0.45535588 0
98 0.03159259 0.005423069 0.001 2.8789678 0.84353113 0
99 0.04136998 0.01439835 0.001 -1.1909468 -2.753479 0
100 0.04656741 0.0062009487 0.001 1.7882824 -2.4087436 0
101 0.09778516 0.04172964 0.001 -2.942819 -0.5829378 0
102 0.07050224 0.044596344 0.001 0.6020416 2.9389703 0
103 0.037648235 0.084749006 0.001 -2.5376759 -1.6000628 0
104 0.084528446 0.07776123 0.001 -1.0381391 2.8146522 0
105 0.020685393 0.05637835 0.001 0.4915909 2.9594488 0
106 0.060980514 0.0624004 0.001 2.7188363 -1.2680416 0
107 0.09226606 0.06553862 0.001 2.898495 0.7737745 0
108 0.01278804 0.076704465 0.001 -2.3064675 1.9183865 0
109 0.02228686 0.017145721 0.001 1.7824688 2.4130487 0
110 0.07092801 0.021510564 0.001 2.6305609 -1.4422725 0
111 0.09158542 0.0848666 0.001 2.3811355 1.824882 0
112 0.0022174695 0.021987906 0.001 0.8401732 2.8799496 0
113 0.012111815 0.041022785 0.001 -2.6962187 1.3154485 0
114 0.056202766 0.024262432 0.001 1.2836667 2.711494 0
115 0.010539378 0.02347433 0.001 0.68474853 -2.9208078 0
116 0.08936684 0.07896324 0.001 -0.95632017 -2.843493 0
117 0.064986534 0.01895846 0.001 -2.8931825 -0.79340756 0
118 0.0014705132 0.06429474 0.001 1.8580968 2.355308 0
119 0.09135055 0.029641312 0.001 2.4146233 -1.7803355 0
120 0.030702908 0.095747694 0.001 -2.1698678 -2.0716357 0
121 0.014578793 0.0015631672 0.001 0.74178684 -2.9068458 0
122 0.089829825 0.0046468945 0.001 -2.506599 1.6483207 0
123 0.06884058 0.036543507 0.001 2.897802 0.7763653 0
124 0.08186525 0.0712406 0.001 2.776673 1.1358198 0
125 0.01815526 0.07306114 0.001 2.114787 -2.1278336 0
126 0.024269033 0.07188036 0.001 -1.1760483 -2.759875 0
127 0.08318959 0.030575234 0.001 1.73277 -2.448981 0
128 0.037293177 0.012787999 0.001 -1.9747642 2.2583857 0
129 0.025247594 0.08875792 0.001 1.1400229 2.77495 0
130 0.006277989 0.018838167 0.001 -2.632896 -1.4380054 0
131 0.004139914 0.0521103 0.001 2.8071322 1.0583045 0
132 0.04611718 0.056884535 0.001 -2.3120944 -1.9116013 0
133 0.028178772 0.063244246 0.001 2.9294608 0.6467297 0
134 0.045489226 0.012649397 0.001 2.5436463 -1.5905545 0
135 0.035585072 0.014582526 0.001 -2.2274623 -2.0095801 0
136 0.018897735 0.097839974 0.001 -2.998475 0.095642135 0
137 0.07160072 0.0732379 0.001 -2.4343317 -1.7532911 0
138 0.09435212 0.038197644 0.001 -1.8250775 -2.3809855 0
139 0.07149968 0.010831604 0.001 -2.7008033 1.3060102 0
140 0.08809276 0.073686585 0.001 -1.5365798 -2.5766106 0
141 0.013579874 0.08425234 0.001 0.021346722 2.999924 0
142 0.052993357 0.06203946 0.001 2.184216 -2.056502 0
143 0.029186558 0.09205595 0.001 -2.0322592 -2.2067902 0
144 0.075461 0.03528339 0.001 0.9959389 -2.8298597 0
145 0.012435905 0.007000284 0.001 0.239432 -2.99043 0
146 0.043553703 0.027045768 0.001 2.9707327 -0.4180288 0
147 0.036298793 0.077163815 0.001 -2.9630094 0.469654 0
148 0.057483688 0.027411137 0.001 -2.998516 -0.09435095 0
149 0.05965757 0.010270586 0.001 -1.046138 -2.8116891 0
150 0.07095525 0.055126052 0.001 1.7113671 -2.463985 0
151 0.021472415 0.08782626 0.001 -1.0110503 -2.8244958 0
152 0.057276364 0.056324884 0.001 -2.7158036 1.2745237 0
153 0.024568496 0.09279409 0.001 -2.219065 2.018849 0
154 0.07093802 0.09736744 0.001 2.7801857 -1.1271949 0
155 0.010932261 0.03503943 0.001 0.22238557 2.9917462 0
156 0.009845004 0.09577439 0.001 2.9806538 -0.34015116 0
157 0.01769203 0.05691838 0.001 -2.876038 -0.8534663 0
158 0.08789458 0.08630256 0.001 2.829578 0.99673915 0
159 0.070956096 0.07890725 0.001 1.8907049 -2.3292134 0
160 0.06079977 0.07584661 0.001 1.717255 2.4598851 0
161 0.06661456 0.030579336 0.001 -2.796596 -1.0858408 0
162 0.061619572 0.054577693 0.001 -1.6358588 2.5147498 0
163 0.025721958 0.06113021 0.001 1.8468318 2.3641515 0
164 0.03267495 0.06382327 0.001 2.835834 -0.9787979 0
165 0.009924036 0.019816687 0.001 -1.5850463 -2.5470824 0
166 0.055301722 0.08082475 0.001 1.4871144 -2.6054733 0
167 0.013121002 0.07006006 0.001 -1.6877478 2.4802232 0
168 0.060670227 0.068275906 0.001 2.9462888 0.56513923 0
169 0.09768539 0.09896543 0.001 2.9158208 -0.70568335 0
170 0.018713491 0.011611575 0.001 1.3847644 -2.661283 0
171 0.034597293 0.0012469683 0.001 1.4859979 2.60611 0
172 0.019729747 0.045894492 0.001 -2.922938 -0.67559785 0
173 0.06943654 0.07102034 0.001 2.9905064 0.23847818 0
174 0.05269261 0.0062210956 0.001 -2.9970257 -0.13355127 0
175 0.032721918 0.017082127 0.001 -2.7234824 1.258032 0
176 0.08999659 0.067503825 0.001 0.50225985 -2.957657 0
177 0.0924978 0.07852468 0.001 -2.3890414 -1.8145196 0
178 0.08573533 0.01028835 0.001 2.93177 -0.6361791 0
179 0.068238504 0.09658455 0.001 -2.3690593 1.8405321 0
180 0.08808082 0.035804927 0.001 -2.7617888 1.1715472 0
181 0.032242976 0.025722787 0.001 -2.267335 1.9644828 0
182 0.0965448 0.078125365 0.001 2.7500372 1.1988724 0
183 0.062037744 0.040202446 0.001 -2.2901206 1.937872 0
184 0.08024178 0.06562909 0.001 -1.7584176 2.4306312 0
185 0.06321178 0.07007075 0.001 2.2097971 2.028989 0
186 0.074467555 0.021937555 0.001 -2.8332 0.98639685 0
187 0.032132894 0.092408784 0.001 -2.9215255 0.68168163 0
188 0.07417182 0.032799676 0.001 2.7779229 1.1327596 0
189 0.07759091 0.08830288 0.001 -2.9791307 -0.35324305 0
190 0.025696471 0.05745955 0.001 -0.28233385 -2.986685 0
191 0.039365716 0.087243564 0.001 2.9986057 -0.091451794 0
192 0.05829703 0.024927342 0.001 -0.9340751 -2.8508778 0
193 0.06514256 0.086218186 0.001 2.6020336 1.4931248 0
194 0.018648302 0.031101871 0.001 -0.23594879 -2.990707 0
195 0.036348548 0.04179788 0.001 1.0001957 -2.828358 0
196 0.04821448 0.01612995 0.001 -1.7957559 2.4031773 0
197 0.007208501 0.04843395 0.001 -1.502147 -2.5968354 0
198 0.050591365 0.08779552 0.001 -2.5476537 -1.5841279 0
199 0.08827696 0.06463474 0.001 1.6895847 -2.4789722 0
200 0.04117945 0.022156887 0.001 -2.7762828 -1.1367731 0
201 0.017576788 0.06841459 0.001 -2.516204 -1.6336209 0
202 0.058605712 0.08919206 0.001 -2.0062337 2.2304766 0
203 0.041998055 0.0971924 0.001 2.581415 1.5284948 0
204 0.076526284 0.06551066 0.001 2.801742 1.0724926 0
205 0.025825085 0.0067858687 0.001 2.7226107 -1.259917 0
206 0.060401518 0.05179854 0.001 2.041551 2.1981966 0
207 0.0053871335 0.05368644 0.001 1.759325 -2.4299743 0
208 0.0075026844 0.08705314 0.001 -1.6365169 2.5143213 0
209 0.06292531 0.06645752 0.001 1.8556023 2.3572738 0
210 0.014358479 0.023941198 0.001 2.2695417 1.9619325 0
211 0.06282144 0.07310761 0.001 1.2857577 -2.710503 0
212 0.0061641023 0.03705578 0.001 -2.9150867 -0.70870996 0
213 0.018548908 0.041537583 0.001 0.6029067 2.938793 0
214 0.05860384 0.01625018 0.001 -1.6844834 2.4824414 0
215 0.033629615 0.080367714 0.001 -0.32402787 2.9824495 0
216 0.07722322 0.049719725 0.001 2.6081212 -1.4824655 0
217 0.048598796 0.08019022 0.001 1.542608 2.5730062 0
218 0.02726899 0.0857283 0.001 -1.196043 -2.751269 0
219 0.06602277 0.0023644648 0.001 -2.7335293 -1.2360492 0
220 0.09766361 0.07335479 0.001 2.956067 -0.51153517 0
221 0.05127114 0.041769188 0.001 -2.729598 1.2447071 0
222 0.081590176 0.08284046 0.001 2.7169204 -1.2721415 0
223 0.0807016 0.022049729 0.001 -1.9423807 -2.2862978 0
224 0.020318668 0.049138077 0.001 -0.022825282 -2.9999132 0
225 0.07887738 0.034690596 0.001 -0.9222212 2.8547344 0
226 0.0796111 0.012156576 0.001 0.86090237 -2.873821 0
227 0.053438228 0.09341133 0.001 2.8694243 0.8754449 0
228 0.007268415 0.03320104 0.001 2.8552182 -0.92072225 0
229 0.0967291 0.08889938 0.001 -0.8071469 2.8893795 0
230 0.056196123 0.06664847 0.001 -2.8788426 0.8439579 0
231 0.053419292 0.02380363 0.001 2.9862196 0.2872144 0
232 0.011803876 0.060275644 0.001 2.90813 0.7367366 0
233 0.06968256 0.0034198626 0.001 2.0028772 -2.2334912 0
234 0.03935053 0.078031205 0.001 -2.2164023 -2.0217717 0
235 0.045311466 0.08872271 0.001 2.8524573 -0.9292406 0
236 0.038866837 0.04250276 0.001 2.826573 1.0052292 0
237 0.07143163 0.00599029 0.001 1.2391717 2.7321153 0
238 0.08140448 0.07351515 0.001 -1.8325334 2.3752518 0
239 0.018304095 0.034251217 0.001 -2.9966922 0.14083648 0
240 0.046929516 0.074881 0.001 -2.491785 -1.6706307 0
241 0.09798096 0.04418148 0.001 -0.8587087 2.8744774 0
242 0.06522897 0.016665366 0.001 1.9572673 2.2735665 0
243 0.08521515 0.02459813 0.001 0.33127367 -2.9816535 0
244 0.09519519 0.035371486 0.001 1.2716024 2.7171726 0
245 0.0558856 0.02174498 0.001 2.1704156 -2.0710616 0
246 0.085157305 0.008100058 0.001 -1.3694162 2.6692133 0
247 0.06382427 0.0901485 0.001 1.7825105 2.4130182 0
248 0.06278517 0.08038024 0.001 -1.2009797 -2.7491176 0
249 0.032718446 0.05268123 0.001 2.9619136 -0.4765159 0
