0 0.02438331 0.0046549556 0.001 -2.832491 -0.98843104 0
1 0.037367992 0.047273483 0.001 1.4128618 -2.6464734 0
2 0.029799767 0.07910014 0.001 1.8534932 2.3589325 0
3 0.08547384 0.032145042 0.001 2.6828635 -1.3424766 0
4 0.09398726 0.049586013 0.001 0.82825327 2.8834 0
5 0.06527462 0.01793981 0.001 2.9289386 -0.6490905 0
6 0.020420019 0.017900225 0.001 1.7227947 2.4560087 0
7 0.015195869 0.01878154 0.001 1.8368661 -2.371903 0
8 0.052660722 0.07722428 0.001 0.0059992988 -2.9999938 0
9 0.09001785 0.07396154 0.001 -1.0701004 -2.802657 0
10 0.056295216 0.055025127 0.001 2.0857291 -2.1563241 0
11 0.034111623 0.08417954 0.001 -2.6135235 -1.4729208 0
12 0.0036041718 0.098397724 0.001 -0.07663651 2.999021 0
13 0.020954955 0.050809734 0.001 0.41061902 2.9717658 0
14 0.008852564 0.034253493 0.001 1.4935987 2.6017616 0
15 0.047837194 0.012864957 0.001 -1.1063299 2.7885542 0
16 0.07435625 0.02769164 0.001 -2.799662 -1.0779114 0
17 0.019723922 0.097520106 0.001 -2.8359768 -0.9783842 0
18 0.078661226 0.06151873 0.001 2.5415304 1.5939335 0
19 0.08405116 0.034643088 0.001 -2.52464 -1.6205533 0
20 0.038195003 0.040580455 0.001 -1.7330693 -2.448769 0
21 0.017656902 0.001478983 0.001 -1.6511931 -2.5047078 0
22 0.026899852 0.06758474 0.001 -1.9395354 2.288712 0
23 0.0652046 0.03431075 0.001 -0.14339444 -2.996571 0
24 0.08942321 0.028006127 0.001 -0.5306237 -2.9527001 0
25 0.052602176 0.057940252 0.001 -1.0475698 -2.8111558 0
26 0.041961044 0.09351487 0.001 0.8359657 -2.8811736 0
27 0.06396906 0.09454248 0.001 -2.9843025 0.30649215 0
28 0.060718104 0.0014688717 0.001 2.9915338 0.22522458 0
29 0.054119278 0.021990376 0.001 2.2602725 -1.9726045 0
30 0.054613777 0.059895724 0.001 -2.228506 -2.0084226 0
31 0.010627476 0.09030331 0.001 -0.7235853 -2.91143 0
32 0.06393974 0.07774422 0.001 -2.9997094 0.04175818 0
33 0.057033222 0.007929114 0.001 -2.999187 -0.069839805 0
34 0.08820036 0.09486647 0.001 -2.8818214 -0.83372974 0
35 0.008028876 0.002688964 0.001 -1.7961845 -2.4028568 0
36 0.027255632 0.0545246 0.001 -2.990247 -0.2417087 0
37 0.092680514 0.016422544 0.001 -1.6922014 2.477187 0
38 0.027100552 0.024910718 0.001 1.510905 -2.5917497 0
39 0.050588217 0.08928796 0.001 2.710555 -1.2856483 0
40 0.03873033 0.060397513 0.001 -2.8446493 0.9528746 0
41 0.057105877 0.07805308 0.001 -1.914629 -2.3095877 0
42 0.07386616 0.04752772 0.001 2.3264647 -1.8940861 0
43 0.034887325 0.08807944 0.001 -2.850637 -0.93480945 0
44 0.03462306 0.051474437 0.001 -2.3172324 -1.9053695 0
45 0.095401034 0.035822865 0.001 0.9572396 -2.8431835 0
46 0.026404059 0.098408826 0.001 -2.9806206 0.34044206 0
47 0.06400763 0.0894775 0.001 1.6891475 -2.4792702 0
48 0.06714619 0.030930167 0.001 2.859676 -0.90678173 0
49 0.021367108 0.07222237 0.001 -1.6482294 2.506659 0
50 0.0862241 0.02903597 0.001 -2.0336173 2.2055387 0
51 0.0038305614 0.0022088245 0.001 -0.45959967 -2.9645858 0
52 0.09076455 0.046027754 0.001 1.4201179 2.642587 0
53 0.02876136 0.04561941 0.001 -1.5352569 2.5773993 0
54 0.066902906 0.08566726 0.001 2.401814 1.7975788 0
55 0.07454652 0.050127942 0.001 -2.7701268 1.1516936 0
56 0.096142 0.019016933 0.001 0.45816144 -2.9648085 0
57 0.09468147 0.03007735 0.001 0.074415535 2.9990768 0
58 0.059969593 0.07020234 0.001 -2.8844008 -0.8247621 0
59 0.03400719 0.045912832 0.001 2.8520591 -0.93046165 0
60 0.04179596 0.06527984 0.001 -2.4354513 -1.7517353 0
61 0.0348748 0.0776194 0.001 2.1318195 -2.1107688 0
62 0.07588092 0.032147955 0.001 2.8140388 -1.0398011 0
63 0.037252348 0.0833747 0.001 -1.7188017 -2.4588048 0
64 0.096774474 0.07585999 0.001 2.1594906 2.0824506 0
65 0.010449451 0.09843858 0.001 2.3056517 -1.9193673 0
66 0.07768939 0.041964553 0.001 2.791622 1.0985662 0
67 0.08625597 0.09293768 0.001 -0.015848039 2.999958 0
68 0.098434195 0.029310865 0.001 2.7330315 1.2371495 0
69 0.01140747 0.023352878 0.001 -2.9421387 -0.5863613 0
70 0.009134223 0.09176214 0.001 -2.9505515 -0.5424439 0
71 0.041269045 0.036064893 0.001 -2.8086798 -1.0541905 0
72 0.037542075 0.016414266 0.001 2.9889045 -0.25777832 0
73 0.049172703 0.007316348 0.001 -2.2900772 -1.9379234 0
74 0.008860601 0.046994817 0.001 0.51088387 -2.9561796 0
75 0.015678952 0.04456595 0.001 -1.0365968 2.8152206 0
76 0.052596215 0.08428325 0.001 -2.942761 0.5832311 0
77 0.047645226 0.09164792 0.001 0.23125169 2.9910738 0
78 0.030330129 0.0927376 0.001 2.30328 1.9222124 0
79 0.09303969 0.063170366 0.001 1.8141763 2.3893023 0
80 0.071410656 0.024986053 0.001 2.482893 1.6838179 0
81 0.07556235 0.09643057 0.001 -0.90111876 -2.8614655 0
82 0.016568493 0.069551915 0.001 1.9544587 2.2759814 0
83 0.03961677 0.05704699 0.001 -2.7074523 -1.2921693 0
84 0.012667172 0.063703164 0.001 -0.7197211 -2.9123876 0
85 0.03555071 0.060064226 0.001 2.1698961 -2.071606 0
86 0.004665575 0.08772424 0.001 2.6463656 -1.4130638 0
87 0.044717807 0.07194554 0.001 -0.48468173 2.9605885 0
88 0.032999612 0.060088806 0.001 -2.8683882 -0.87883383 0
89 0.035995163 0.03607929 0.001 0.54996467 2.9491591 0
90 0.05976728 0.08347662 0.001 -2.4319315 -1.7566187 0
91 0.095573805 0.09563594 0.001 -0.15667504 2.995906 0
92 0.054621927 0.09802101 0.001 1.5827801 2.548491 0
93 0.075932845 0.016939484 0.001 -2.3581538 -1.854484 0
94 0.09428116 0.042721316 0.001 -0.26799285 2.988006 0
95 0.05376614 0.08800204 0.001 2.5922353 1.5100713 0
96 0.0010433596 0.060397077 0.001 -2.5377636 -1.5999237 0
97 0.076795995 0.04788123 0.001 -2.2419538 1.9934001 0
98 0.07589167 0.021312773 0.001 -2.7662637 1.1609412 0
99 0.036821008 0.024659561 0.001 2.6722476 1.3634856 0
100 0.07932862 0.05784638 0.001 -2.9763713 0.37578416 0
101 0.060764484 0.030503433 0.001 2.8276923 -1.0020764 0
102 0.081890196 0.015831945 0.001 2.8743763 -0.8590461 0
103 0.07302852 0.082356356 0.001 2.6772075 1.353721 0
104 0.011512525 0.00627414 0.001 1.3874729 2.659872 0
105 0.020010523 0.042299654 0.001 -1.3516793 -2.6782389 0
106 0.050459865 0.030192211 0.001 1.094177 -2.793345 0
107 0.011121885 0.030312395 0.001 2.9995759 0.05044233 0
108 0.032128364 0.063844696 0.001 1.308088 2.6997974 0
109 0.0755016 0.06503003 0.001 2.5731616 1.5423485 0
110 0.012467646 0.080367245 0.001 -2.7287626 -1.2465367 0
111 0.05919362 0.08135748 0.001 1.7080734 -2.4662695 0
112 0.07673976 0.009700357 0.001 2.168395 -2.073177 0
113 0.091026925 0.06947904 0.001 2.4020476 1.7972665 0
114 0.03368614 0.06996762 0.001 -2.9178438 0.69727165 0
115 0.08454922 0.06340981 0.001 2.1807065 -2.060223 0
116 0.059985124 0.067850575 0.001 1.2489097 2.7276773 0
117 0.06621548 0.028887024 0.001 2.9892256 0.25402918 0
118 0.0070179654 0.07993621 0.001 0.17843899 2.9946885 0
119 0.07220226 0.04566171 0.001 -0.6200701 2.9352195 0
120 0.090614654 0.030062431 0.001 -2.7714205 1.1485767 0
121 0.03792265 0.095520265 0.001 2.8115034 -1.0466366 0
122 0.06342158 0.09771354 0.001 -0.290353 -2.9859161 0
123 0.0061486755 0.018338377 0.001 2.006703 -2.2300546 0
124 0.0046444996 0.02535702 0.001 -2.7714813 1.1484301 0
125 0.07952565 0.091523945 0.001 -2.7236803 -1.2576033 0
126 0.004916591 0.07874543 0.001 2.6943052 1.3193631 0
127 0.05277039 0.032848213 0.001 -0.93560696 -2.8503752 0
128 0.093694806 0.045153487 0.001 -2.318828 -1.9034276 0
129 0.022753922 0.054426398 0.001 -2.3530462 1.8609606 0
130 0.0746679 0.054760497 0.001 -0.6692444 2.9243994 0
131 0.0028250478 0.069232866 0.001 -1.3287296 -2.6896985 0
132 0.008897786 0.005656573 0.001 1.5231192 -2.5845904 0
133 0.0867835 0.08178292 0.001 0.5944649 -2.9405122 0
134 0.05552845 0.066082485 0.001 -2.8119867 1.045338 0
135 0.04006528 0.071579754 0.001 -2.9801779 -0.3442976 0
136 0.072459385 0.058892418 0.001 -2.8814614 0.83497334 0
137 0.08092151 0.08190153 0.001 -2.4652104 -1.7096016 0
138 0.08609099 0.07750451 0.001 -2.2436962 1.9914386 0
139 0.0027945153 0.028457282 0.001 0.603316 -2.9387088 0
140 0.03478023 0.013127749 0.001 -0.12496999 2.997396 0
141 0.043605845 0.043373983 0.001 2.9533963 0.52673584 0
142 0.019076658 0.024556346 0.001 0.5604323 -2.9471877 0
143 0.023824204 0.04501012 0.001 -2.867471 0.8818219 0
144 0.0053962516 0.08283807 0.001 2.9810848 -0.3363546 0
145 0.031037968 0.088530734 0.001 2.508232 -1.6458347 0
146 0.025536684 0.027423153 0.001 -0.83565295 2.8812642 0
147 0.05697676 0.075660735 0.001 2.7176845 1.2705084 0
148 0.06099612 0.021129873 0.001 -0.36997825 -2.9770985 0
149 0.08169757 0.052180756 0.001 0.9529774 -2.844615 0
150 0.02039368 0.06749708 0.001 -2.1896844 2.0506787 0
151 0.049921326 0.05904391 0.001 2.1792245 2.061791 0
152 0.0029108091 0.06291327 0.001 -2.9865923 -0.28331196 0
153 0.08649973 0.006110211 0.001 -2.945272 -0.57041556 0
154 0.056274824 0.044989776 0.001 -2.901092 0.76397943 0
155 0.025593946 0.09183863 0.001 -1.6992699 2.4723434 0
156 0.03729736 0.02029473 0.001 -2.7844572 -1.1166012 0
157 0.06755757 0.051469043 0.001 2.2441282 -1.9909515 0
158 0.0704742 0.051340643 0.001 2.505726 1.6496475 0
159 0.01100936 0.033610806 0.001 0.34202927 -2.9804387 0
160 0.098661765 0.09699452 0.001 -2.5880933 -1.5171597 0
161 0.08497459 0.065738216 0.001 -2.3609624 -1.8509071 0
162 0.0019506819 0.047279198 0.001 1.8301044 -2.377124 0
163 0.09256214 0.03122272 0.001 1.3908317 2.6581173 0
164 0.020036956 0.08594339 0.001 -2.892908 0.7944077 0
165 0.08057278 0.07281549 0.001 -2.3746538 1.8333085 0
166 0.07625897 0.0023507262 0.001 -2.987275 -0.2760239 0
167 0.083980165 0.09697099 0.001 -0.6807909 2.921733 0
168 0.0951413 0.007392343 0.001 0.21377143 -2.992374 0
169 0.046054266 0.060116805 0.001 -0.45976925 2.9645596 0
170 0.035107825 0.02116655 0.001 -0.73562723 -2.9084105 0
171 0.08681695 0.09784059 0.001 2.7704353 1.1509509 0
172 0.09183754 0.040101893 0.001 -1.3138523 -2.696997 0
173 0.04638516 0.078538485 0.001 -2.153523 -2.0886214 0
174 0.018578885 0.048289232 0.001 0.25763685 -2.9889169 0
175 0.033738542 0.0036515505 0.001 -2.0090187 2.2279685 0
176 0.08781291 0.06749934 0.001 -0.9914217 2.8314452 0
177 0.041121595 0.07858373 0.001 -0.081817515 -2.998884 0
178 0.028621119 0.060960136 0.001 -2.1255016 -2.1171308 0
179 0.083997205 0.0686691 0.001 -1.6723777 2.490613 0
180 0.048371635 0.06961644 0.001 0.9276335 2.8529801 0
181 0.0011372988 0.08469649 0.001 1.6347259 2.5154862 0
182 0.06164122 0.032921877 0.001 -1.6495045 -2.5058203 0
183 0.09614024 0.08364798 0.001 1.1051269 2.7890313 0
184 0.019565513 0.010561265 0.001 2.7887523 1.1058306 0
185 0.09371885 0.09303023 0.001 -1.9510598 -2.2788959 0
186 0.030472482 0.041403327 0.001 -1.1748967 -2.7603655 0
187 0.043507747 0.031443454 0.001 -2.593687 -1.5075763 0
188 0.07087664 0.06753546 0.001 -2.1456897 2.0966678 0
189 0.057376947 0.0854176 0.001 -2.905249 0.74801654 0
190 0.0024898122 0.023039384 0.001 1.2522193 -2.7261596 0
191 0.09705477 0.069675975 0.001 -2.7053738 1.296516 0
192 0.04898173 0.02760915 0.001 -1.275947 -2.7151353 0
193 0.052447416 0.002459064 0.001 -2.7579408 1.1805776 0
194 0.032555424 0.034468442 0.001 1.9433992 2.2854319 0
195 0.0077864467 0.071130335 0.001 -2.8465567 0.94716215 0
196 0.003762587 0.06573735 0.001 -2.596754 1.5022874 0
197 0.028402539 0.08834579 0.001 -1.9527962 2.277408 0
198 0.015069657 0.053936392 0.001 0.6665022 2.9250257 0
199 0.0971695 0.07798119 0.001 0.7295018 2.909953 0
200 0.014040936 0.033823088 0.001 2.371152 -1.8378353 0
201 0.0401218 0.03216095 0.001 2.4383814 1.7476547 0
202 0.009574911 0.085395545 0.001 2.0274408 -2.2112179 0
203 0.020368746 0.06397199 0.001 2.8661869 -0.88598657 0
204 0.0010906446 0.004565251 0.001 1.0191077 2.8215988 0
205 0.020405667 0.02217992 0.001 -2.9708219 -0.41739365 0
206 0.05233612 0.0911993 0.001 -1.7692056 2.42279 0
207 0.05957257 0.02353141 0.001 -2.6111834 1.4770651 0
208 0.03865459 0.08848116 0.001 2.3501034 -1.8646753 0
209 0.058744576 0.010513624 0.001 2.5007706 1.6571503 0
210 0.06266396 0.024622044 0.001 2.947013 0.56135184 0
211 0.014045363 0.035830535 0.001 1.1422236 2.774045 0
212 0.012458528 0.048176263 0.001 -1.4109828 2.6474757 0
213 0.052167356 0.0044421293 0.001 -1.3091094 -2.6993022 0
214 0.033886675 0.022948254 0.001 1.9589691 2.2721004 0
215 0.07654291 0.07610648 0.001 -2.9586744 -0.496232 0
216 0.081404276 0.04279184 0.001 -2.3083565 1.9161134 0
217 0.017473469 0.039308336 0.001 0.9771749 2.8363936 0
218 0.090985425 0.02444062 0.001 -2.005954 -2.2307281 0
219 0.028529568 0.010328339 0.001 -2.6980371 -1.3117149 0
220 0.09715289 0.024847995 0.001 2.999482 0.055744763 0
221 0.018738128 0.09395253 0.001 -1.7908156 2.4068608 0
222 0.070461944 0.07341588 0.001 2.1029744 2.1395092 0
223 0.07730251 0.05817871 0.001 2.103753 2.1387432 0
224 0.028909612 0.098932825 0.001 -0.6202123 -2.9351895 0
225 0.05839628 0.0034184377 0.001 0.8043907 2.890148 0
226 0.043587733 0.048269693 0.001 -2.0437748 -2.1961293 0
227 0.013962657 0.051328957 0.001 -2.5289297 -1.6138506 0
228 0.053958945 0.025749037 0.001 0.8637078 -2.8729792 0
229 0.028925017 0.06958927 0.001 1.7986411 2.4010186 0
230 0.067898914 0.053843115 0.001 -2.391042 1.8118825 0
231 0.0274492 0.051348418 0.001 -2.069974 -2.171453 0
232 0.007340893 0.031664103 0.001 2.366221 1.8441799 0
233 0.073210806 0.010329139 0.001 -2.628906 -1.4452866 0
234 0.061455157 0.051106073 0.001 -0.038148757 2.9997573 0
235 0.09350659 0.060197543 0.001 -2.884182 -0.82552683 0
236 0.096445926 0.06188072 0.001 -2.6115785 -1.4763665 0
237 0.08542581 0.051035468 0.001 -2.7338881 -1.2352554 0
238 0.017233072 0.021492573 0.001 -2.2603927 1.9724667 0
239 0.012597824 0.07287871 0.001 -2.7995212 1.0782771 0
240 0.05881893 0.040459532 0.001 -2.6800294 -1.3481257 0
241 0.048540153 0.01990214 0.001 -0.51090056 2.9561768 0
242 0.050659068 0.09784247 0.001 -2.9263272 -0.66076374 0
243 0.021135526 0.026219567 0.001 -0.9086228 2.8590915 0
244 0.025210299 0.041713256 0.001 2.806168 1.0608587 0
245 0.014770824 0.038080357 0.001 0.8782686 2.8685613 0
246 0.032659072 0.077383175 0.001 2.2565684 1.9768407 0
247 0.09721519 0.012739721 0.001 -2.3734922 -1.8348117 0
248 0.09858697 0.004929267 0.001 1.5401384 -2.574485 0
249 0.0038205613 0.04656672 0.001 -1.1157981 -2.784779 0
